5.0 -1.0 1.0 -5.0 1.0 6.0 -1.0 -3.0 0.0 6.0 -2.0 
5.0 -1.0 1.0 -5.0 1.0 5.999981 -1.0001385 -3.0028129 -6.8214824E-5 5.999507 -2.0100157 
5.0000005 -0.9999998 1.0 -4.9999995 0.98877347 5.994239 -1.0015329 -3.015446 -0.0092805 5.9971385 -2.0329988 
5.0000005 -0.99999976 0.9999994 -5.0000005 0.9831602 5.9915795 -0.9797289 -2.9750564 -0.013745346 6.0109825 -2.0132966 
5.0000005 -0.9999997 0.99999917 -5.0 0.9803536 5.9902334 -0.96887547 -2.9563968 -0.016067205 6.0176406 -2.0117712 
5.0000005 -0.99999964 0.9999991 -4.9999986 0.97895026 5.9895406 -0.9635978 -2.9499857 -0.017296564 6.0204587 -2.0210223 
5.0000005 -0.99999964 0.9999991 -4.9999967 0.9782486 5.989175 -0.9610944 -2.9495256 -0.017979218 6.021388 -2.035368 
5.0000005 -0.99999964 0.99999917 -4.9999948 0.97789776 5.988973 -0.9599762 -2.9519925 -0.018387001 6.0213814 -2.052061 
5.00008 -0.9999591 1.0000088 -4.999914 0.96662945 5.9832077 -0.9607631 -2.964319 -0.027414199 6.0192814 -2.077687 
5.0001197 -0.99993885 1.0000118 -4.9998775 0.96099526 5.98053 -0.9389295 -2.9254496 -0.031791765 6.0330043 -2.0605695 
5.0002303 -0.99987245 1.0000209 -4.9997683 0.9526077 5.9757376 -0.92847574 -2.9115853 -0.04149146 6.038859 -2.0641263 
5.0002856 -0.99983925 1.0000247 -4.999715 0.9484139 5.9733744 -0.9175767 -2.8962085 -0.04631642 6.0460453 -2.0595634 
5.0004263 -0.9997478 1.0000348 -4.9995747 0.9418493 5.969239 -0.91245353 -2.892988 -0.055943295 6.0488415 -2.0681942 
5.0004873 -0.9997055 1.0000315 -4.999514 0.93906736 5.9673505 -0.90945506 -2.8908772 -0.06048996 6.0508914 -2.0717628 
5.000518 -0.9996849 1.0000215 -4.9995317 0.93767637 5.967104 -0.89703655 -2.827316 -0.061963208 6.064433 -2.001898 
5.000533 -0.9996745 1.0000167 -4.9995356 0.9369809 5.966957 -0.8909821 -2.7985528 -0.06278035 6.070679 -1.9771887 
5.0008674 -0.9995025 1.0000583 -4.999211 0.92190987 5.9593587 -0.88993764 -2.7988944 -0.07382604 6.0709996 -1.985646 
5.0010343 -0.9994165 1.0000756 -4.9990554 0.91437435 5.955695 -0.8737602 -2.7696235 -0.079259135 6.0815163 -1.970398 
5.0013833 -0.9992063 1.0001086 -4.998712 0.90332603 5.9492817 -0.8663395 -2.7622685 -0.091015846 6.0854564 -1.9771397 
5.001558 -0.9991012 1.0001242 -4.9985414 0.8978019 5.946092 -0.85956156 -2.754279 -0.096880645 6.0898814 -1.9770594 
5.001645 -0.99904853 1.0001324 -4.9984446 0.8950398 5.944473 -0.8562346 -2.7521005 -0.09993519 6.0917854 -1.986063 
5.0022187 -0.998754 1.0002114 -4.997866 0.87799436 5.9357376 -0.8567817 -2.7666757 -0.11219656 6.0897436 -2.01178 
5.0025053 -0.99860686 1.0002452 -4.9975877 0.8694716 5.9315143 -0.8407148 -2.7430675 -0.11823217 6.0994916 -2.0042768 
5.002649 -0.9985331 1.0002626 -4.997436 0.86521024 5.9293776 -0.8327708 -2.7334614 -0.1213541 6.10399 -2.0097551 
5.0033197 -0.9981915 1.0003538 -4.9967613 0.8487693 5.92103 -0.8307681 -2.7429686 -0.13296351 6.103521 -2.032249 
5.003655 -0.9980207 1.000393 -4.9964356 0.8405489 5.9169917 -0.8141091 -2.7186484 -0.13867913 6.113609 -2.0243282 
5.004231 -0.9976773 1.0004503 -4.995865 0.82997274 5.9108853 -0.80637467 -2.7129543 -0.14953743 6.117488 -2.0330243 
5.004519 -0.99750566 1.0004774 -4.995581 0.8246847 5.907848 -0.7995777 -2.7060435 -0.1549536 6.121808 -2.0340705 
5.0050364 -0.9971682 1.0005211 -4.995066 0.8170676 5.9029775 -0.7965799 -2.7075613 -0.16505253 6.1230845 -2.0455592 
5.005295 -0.99699944 1.0005419 -4.9948096 0.81325907 5.9005504 -0.79343355 -2.7061799 -0.17009464 6.125241 -2.0493314 
5.0057983 -0.99665886 1.0005813 -4.9943075 0.8069096 5.8962917 -0.79220337 -2.7099342 -0.17959747 6.1255326 -2.0614097 
5.00605 -0.9964886 1.0006 -4.9940577 0.8037349 5.8941693 -0.7901158 -2.7099247 -0.18434225 6.1270814 -2.0656514 
5.006176 -0.9964031 1.0006101 -4.9939117 0.80214757 5.893084 -0.789131 -2.7115853 -0.1868303 6.127574 -2.0757313 
5.007036 -0.99595505 1.0007234 -4.9930415 0.78908354 5.8863044 -0.7903033 -2.724686 -0.19675459 6.1255035 -2.0978482 
5.0074663 -0.9957311 1.00077 -4.9926248 0.7825515 5.883059 -0.7741645 -2.700261 -0.20162182 6.13546 -2.0885496 
5.0081816 -0.9953018 1.0008385 -4.991916 0.77388626 5.8780117 -0.7665834 -2.6934478 -0.21084073 6.1394706 -2.0945983 
5.008491 -0.995105 1.0008318 -4.99161 0.77031624 5.8757715 -0.76214415 -2.6892786 -0.21508677 6.1423073 -2.096645 
5.0059404 -0.9966896 0.9997314 -4.9941626 0.8477539 5.923931 -0.7278004 -2.6079714 -0.18392886 6.1654205 -2.0441656 
5.0046186 -0.9975027 0.9991425 -4.995485 0.8873316 5.948397 -0.70991045 -2.566459 -0.16789296 6.1778274 -2.0169091 
5.0039577 -0.99791 0.9988164 -4.996229 0.90712047 5.9613595 -0.6728224 -2.471786 -0.15937419 6.203352 -1.9525346 
5.0044847 -0.99760485 0.99877894 -4.9957438 0.8997142 5.957574 -0.6568136 -2.4417503 -0.16834815 6.2128463 -1.942647 
5.0047483 -0.99745226 0.99875903 -4.995503 0.89601105 5.955693 -0.6468051 -2.423989 -0.17282546 6.219232 -1.9354601 
5.00488 -0.9973756 0.99875057 -4.995355 0.8941595 5.9547014 -0.6419982 -2.4187887 -0.17522489 6.2218 -1.9435285 
5.0049458 -0.99733716 0.99874794 -4.9952626 0.8932337 5.9541535 -0.64023393 -2.4236732 -0.17653233 6.2217684 -1.9629643 
5.0049787 -0.9973178 0.99874806 -4.9951982 0.8927708 5.9538317 -0.6398821 -2.4327095 -0.17729022 6.2206 -1.9870142 
5.0049953 -0.99730796 0.99874955 -4.995148 0.8925394 5.953625 -0.640213 -2.4435549 -0.17776898 6.21891 -2.0128424 
5.0050035 -0.99730295 0.99875164 -4.995106 0.8924236 5.9534783 -0.6408537 -2.4549696 -0.17810374 6.2170186 -2.038952 
5.0050077 -0.9973003 0.99875396 -4.995069 0.89236575 5.953364 -0.64161915 -2.4663463 -0.17836218 6.215083 -2.0646112 
5.0060554 -0.9967551 0.99893343 -4.994005 0.8716859 5.9425626 -0.645525 -2.4926853 -0.19070862 6.210109 -2.1009228 
5.006579 -0.99648255 0.99901795 -4.9934816 0.861346 5.9372272 -0.63897717 -2.492141 -0.19683722 6.2134314 -2.1097069 
5.0074515 -0.9959481 0.9991331 -4.992609 0.8472459 5.9287376 -0.63676906 -2.500799 -0.20881635 6.2134604 -2.127773 
5.0078607 -0.995691 0.9991665 -4.9922 0.8405211 5.9246144 -0.63537407 -2.5048027 -0.21459876 6.2139707 -2.1362522 
5.008065 -0.99556434 0.99913317 -4.992163 0.8371587 5.923581 -0.6075881 -2.4158683 -0.21669883 6.235069 -2.0705218 
5.009221 -0.99489516 0.9992803 -4.9910913 0.8191937 5.9137015 -0.5962259 -2.3876848 -0.22918913 6.2425256 -2.0575528 
5.009755 -0.9945781 0.99931663 -4.990599 0.8108413 5.9090147 -0.59000885 -2.372963 -0.23511529 6.2469296 -2.0502741 
5.010022 -0.99442095 0.9992867 -4.9904804 0.8066651 5.9074755 -0.5581814 -2.2894623 -0.23753047 6.2687016 -1.9947511 
5.011478 -0.9935552 0.99948823 -4.989099 0.78474724 5.894901 -0.5455138 -2.267542 -0.25249344 6.275805 -1.9900959 
5.012206 -0.99312234 0.9995876 -4.98841 0.7737883 5.888622 -0.53777754 -2.2547362 -0.2599678 6.2805815 -1.9861563 
5.0135517 -0.99223304 0.9997691 -4.987084 0.7555214 5.8767166 -0.53562653 -2.2611208 -0.27571034 6.280618 -2.0017004 
5.0142245 -0.9917884 0.9998593 -4.9864216 0.74638796 5.870766 -0.53412986 -2.2638144 -0.28357923 6.2811484 -2.0088668 
5.0154576 -0.9909344 1.0000165 -4.9851937 0.731385 5.860439 -0.5346864 -2.2755976 -0.29821292 6.2795143 -2.0276375 
5.016053 -0.990515 1.0000759 -4.9846005 0.72401315 5.855323 -0.5348447 -2.2813594 -0.3054199 6.278974 -2.0367239 
5.014635 -0.9914105 0.9992048 -4.98602 0.758703 5.8774796 -0.5147793 -2.2458646 -0.29323986 6.2915688 -2.016759 
5.013926 -0.99185824 0.99876744 -4.986732 0.77604795 5.8885665 -0.50364745 -2.2267091 -0.28714192 6.2988863 -2.0054696 
5.0135713 -0.9920814 0.9985523 -4.987037 0.7847204 5.8940363 -0.49843666 -2.2221932 -0.28427258 6.3016806 -2.0121422 
5.015501 -0.9910961 0.99886614 -4.9850826 0.75911343 5.881185 -0.501819 -2.2498784 -0.29829794 6.2971387 -2.0451796 
5.01638 -0.99064046 0.9989528 -4.984192 0.7474412 5.8752446 -0.50259036 -2.2625897 -0.30480346 6.295829 -2.0605164 
5.016819 -0.9904136 0.9989523 -4.9838414 0.74160504 5.872766 -0.48019415 -2.2196825 -0.30774203 6.30973 -2.0367086 
5.0185266 -0.98937935 0.9991935 -4.982178 0.721106 5.8606453 -0.4718487 -2.2158098 -0.32189858 6.313355 -2.0453029 
5.01938 -0.9888622 0.99931276 -4.9813485 0.7108565 5.8545904 -0.4667096 -2.212653 -0.32897174 6.3160954 -2.0484278 
5.019807 -0.9886028 0.9993765 -4.980877 0.70573175 5.851489 -0.4644973 -2.216037 -0.33268306 6.316619 -2.0617526 
5.0221043 -0.987381 0.9998022 -4.978557 0.6788557 5.8371973 -0.4679853 -2.2420428 -0.3477006 6.3121347 -2.0935316 
5.023253 -0.9867701 1.0000095 -4.977405 0.66541773 5.8300843 -0.46526387 -2.2484248 -0.3551858 6.3131146 -2.104644 
5.024895 -0.9857476 1.0002561 -4.9757614 0.6487282 5.8198314 -0.4652369 -2.2615864 -0.36808223 6.3117814 -2.12383 
5.0256753 -0.98525196 1.0003424 -4.9749804 0.64064324 5.8148046 -0.46498874 -2.2679074 -0.3743503 6.31154 -2.1329522 
5.023949 -0.9863596 0.9992341 -4.976706 0.67503816 5.836909 -0.44395226 -2.2326305 -0.36176038 6.3247766 -2.1129625 
5.023086 -0.98691344 0.9986773 -4.9775724 0.6922356 5.8479714 -0.43216115 -2.2133596 -0.355456 6.3325667 -2.1014647 
5.0226545 -0.98718953 0.99840325 -4.977948 0.70083433 5.8534307 -0.42663318 -2.2086313 -0.3524682 6.335624 -2.106898 
5.0245147 -0.9862351 0.9986595 -4.97606 0.6821502 5.8440657 -0.428223 -2.2292507 -0.36340663 6.3326774 -2.1332405 
5.025445 -0.9857579 0.99878204 -4.975124 0.6728081 5.839414 -0.4247258 -2.2332706 -0.3688532 6.3343315 -2.1418288 
5.026999 -0.9847852 0.99899495 -4.973567 0.65793324 5.8302093 -0.42439815 -2.2454846 -0.38063654 6.3332872 -2.159562 
5.027734 -0.984315 0.9990633 -4.9728303 0.6507435 5.825702 -0.42400953 -2.2513437 -0.3863491 6.333188 -2.1679628 
5.0261497 -0.9853323 0.9979989 -4.9744134 0.68138206 5.845421 -0.40454134 -2.2200398 -0.37510404 6.345508 -2.1501925 
5.0252943 -0.9858725 0.99741066 -4.975269 0.69715893 5.855507 -0.39440492 -2.2039304 -0.3691451 6.3522654 -2.140628 
5.0248666 -0.98614305 0.99709046 -4.975741 0.70504737 5.8607373 -0.37842992 -2.1772795 -0.3660439 6.362724 -2.1237745 
5.0246525 -0.9862777 0.99693507 -4.975923 0.7089916 5.8632765 -0.37099293 -2.1702201 -0.3646422 6.3668733 -2.1276374 
5.026711 -0.9851949 0.99727803 -4.9738483 0.6872001 5.8519263 -0.37188998 -2.190454 -0.37660617 6.364316 -2.1534173 
5.0277405 -0.9846536 0.99744457 -4.972818 0.6763044 5.8462763 -0.368787 -2.195494 -0.38256934 6.365692 -2.162512 
5.028255 -0.98438215 0.9975324 -4.9722466 0.67085654 5.8433805 -0.3676565 -2.203191 -0.38569957 6.365495 -2.1779454 
5.030478 -0.98320293 0.99794006 -4.9699955 0.6484888 5.831504 -0.3707265 -2.2266834 -0.39812785 6.36161 -2.2061245 
5.0314307 -0.9826817 0.99801546 -4.9690285 0.63889563 5.8262515 -0.3709733 -2.2368388 -0.4036418 6.3609824 -2.2185905 
5.030882 -0.98304653 0.99738777 -4.9695706 0.64957476 5.833064 -0.36105478 -2.226441 -0.399886 6.3675976 -2.214145 
5.0305 -0.98328555 0.99698246 -4.969949 0.6557816 5.8369274 -0.35535702 -2.2203746 -0.39744022 6.3718224 -2.210845 
5.030036 -0.9835678 0.9965697 -4.970411 0.6621002 5.840777 -0.35003147 -2.2141263 -0.39451602 6.3761315 -2.2063432 
5.029686 -0.98377496 0.9962641 -4.97076 0.6662967 5.8432827 -0.3464968 -2.209965 -0.39237425 6.379307 -2.2028782 
5.029511 -0.98387873 0.99609953 -4.9709516 0.668395 5.844597 -0.3401633 -2.2012043 -0.39125904 6.3842034 -2.1963048 
5.0294237 -0.9839299 0.9960219 -4.970992 0.66944414 5.845183 -0.33744544 -2.202124 -0.39084494 6.3857446 -2.2037275 
5.0313044 -0.9829309 0.99633914 -4.9690876 0.6509261 5.8353386 -0.3396091 -2.2216268 -0.40116763 6.3828564 -2.2272184 
5.0322447 -0.9824315 0.9964917 -4.968144 0.64166707 5.830446 -0.33651274 -2.2253635 -0.40630707 6.3844986 -2.2345212 
5.032715 -0.982181 0.99657226 -4.967619 0.6370376 5.8279366 -0.33533797 -2.231848 -0.4090095 6.384533 -2.2478983 
5.0346847 -0.98113126 0.99691814 -4.965622 0.61893463 5.8182664 -0.3375322 -2.2508783 -0.41944218 6.3815484 -2.2716246 
5.03547 -0.98069227 0.9969309 -4.964823 0.6118336 5.8142715 -0.33706167 -2.258443 -0.42382365 6.3816133 -2.28155 
5.035863 -0.98047405 0.9968728 -4.964554 0.60828304 5.8127704 -0.31252742 -2.2130346 -0.42570326 6.3968787 -2.2556753 
5.0373282 -0.979559 0.9970397 -4.96315 0.59576446 5.8051977 -0.30191907 -2.2010736 -0.43481162 6.4025254 -2.2556014 
5.037988 -0.97913074 0.99705887 -4.9625206 0.5899598 5.8015943 -0.29621282 -2.1946385 -0.43908608 6.405963 -2.25487 
5.038318 -0.97891855 0.9969883 -4.9623766 0.5870575 5.80042 -0.2671799 -2.1357272 -0.4408303 6.4240875 -2.2196028 
5.0400367 -0.97783333 0.997212 -4.960751 0.5721097 5.7913256 -0.2549138 -2.1197681 -0.4512339 6.4306283 -2.217091 
5.0408297 -0.97731775 0.9972651 -4.960005 0.56502736 5.786938 -0.24843347 -2.111397 -0.4561877 6.4344373 -2.2152278 
5.041226 -0.9770614 0.9972272 -4.9597583 0.5614862 5.7851973 -0.22479832 -2.067051 -0.45838323 6.4490237 -2.1893241 
5.0414243 -0.9769324 0.9972158 -4.959565 0.55971557 5.784231 -0.21388513 -2.053287 -0.45963562 6.454856 -2.1899574 
5.0415235 -0.9768675 0.9972163 -4.959416 0.55883026 5.7836704 -0.20962125 -2.0565035 -0.46037692 6.455998 -2.205294 
5.043746 -0.97564435 0.9976201 -4.957168 0.5397835 5.7731957 -0.21094437 -2.076716 -0.47118917 6.45303 -2.2320178 
5.0448575 -0.9750328 0.9978178 -4.95605 0.5302601 5.7679734 -0.2093429 -2.0837653 -0.47658315 6.45337 -2.2429156 
5.046672 -0.9738526 0.99811435 -4.954232 0.5148565 5.7579684 -0.21021393 -2.0979319 -0.48793298 6.451584 -2.2608182 
5.047579 -0.9732625 0.99826163 -4.953325 0.5071547 5.752968 -0.21027438 -2.1045823 -0.49360546 6.451193 -2.2691898 
5.0480323 -0.9729661 0.9983432 -4.9527864 0.5033038 5.750372 -0.21085349 -2.113731 -0.49661538 6.450001 -2.283949 
5.0482593 -0.9728175 0.9983895 -4.95247 0.50137836 5.7490106 -0.21210702 -2.1266766 -0.49821687 6.447938 -2.3040662 
5.0483727 -0.97274286 0.99841744 -4.9522667 0.5004156 5.7482734 -0.21351548 -2.1403627 -0.49910802 6.445652 -2.325703 
5.0484295 -0.9727052 0.998436 -4.9521227 0.49993426 5.747852 -0.21495423 -2.1540513 -0.49963957 6.4433193 -2.3476088 
5.0499797 -0.97185105 0.99869406 -4.9505286 0.48885348 5.7416916 -0.21744567 -2.1717358 -0.50665724 6.4401417 -2.3708644 
5.050755 -0.97142404 0.998816 -4.9497414 0.4833131 5.738637 -0.21493028 -2.1753533 -0.5101465 6.441449 -2.378469 
5.0511427 -0.97120965 0.9988826 -4.949286 0.48054293 5.737044 -0.21409078 -2.1817603 -0.5120143 6.4413176 -2.390906 
5.0513363 -0.9711022 0.99892 -4.9490194 0.47915784 5.7362003 -0.21433377 -2.1911445 -0.5130244 6.440177 -2.4071481 
5.051433 -0.9710481 0.99894255 -4.948849 0.4784653 5.735736 -0.21502016 -2.201352 -0.51360184 6.4386525 -2.4245842 
5.05274 -0.97033 0.99914813 -4.9475055 0.46979842 5.730934 -0.21664825 -2.214776 -0.5193257 6.436362 -2.443199 
5.053032 -0.9701271 0.99896276 -4.947195 0.46841654 5.7298083 -0.21510932 -2.2185366 -0.520962 6.4374776 -2.4496698 
5.053178 -0.97002727 0.99878836 -4.9471965 0.4677256 5.729734 -0.18950811 -2.1727936 -0.52147627 6.4534936 -2.4232595 
5.0542717 -0.96931434 0.9988529 -4.9461765 0.46035698 5.7251353 -0.17775159 -2.1569452 -0.5273183 6.460223 -2.4186532 
5.0548186 -0.9689579 0.9988827 -4.9456697 0.45667267 5.7228413 -0.17086336 -2.1477935 -0.5302336 6.46466 -2.4150472 
5.0559072 -0.9681958 0.9990126 -4.944601 0.44890544 5.7174497 -0.16825493 -2.1491427 -0.53711116 6.4658117 -2.4208095 
5.0564513 -0.96781474 0.9990762 -4.9440684 0.4450218 5.714756 -0.16650395 -2.1493053 -0.540547 6.4670086 -2.4229786 
5.057489 -0.9670675 0.9992142 -4.9430366 0.43756503 5.709399 -0.16639332 -2.1549015 -0.547456 6.466617 -2.4312024 
5.0580077 -0.9666939 0.9992818 -4.942522 0.43383664 5.7067227 -0.16592562 -2.15723 -0.5509078 6.4670167 -2.434636 
5.059001 -0.9659721 0.99941576 -4.9415307 0.4268388 5.7016425 -0.1663917 -2.1635277 -0.5575474 6.466297 -2.4430945 
5.0594115 -0.9656448 0.9994037 -4.941121 0.4236613 5.699228 -0.16633011 -2.1663551 -0.56061417 6.466533 -2.4466736 
5.056024 -0.9678485 0.99731326 -4.9445095 0.46698663 5.7276144 -0.1402418 -2.1228547 -0.54335874 6.483195 -2.4199479 
5.0543303 -0.96895033 0.99626446 -4.946208 0.4886493 5.741815 -0.12628631 -2.1000035 -0.5347231 6.4925113 -2.4053938 
5.0544724 -0.9687929 0.99589574 -4.9460683 0.4916438 5.7433014 -0.1205422 -2.0964148 -0.5369243 6.495737 -2.4072175 
5.0545435 -0.96871424 0.9957102 -4.9459996 0.49314103 5.744046 -0.117310934 -2.0942125 -0.5380224 6.497876 -2.4075317 
5.054579 -0.9686735 0.99562585 -4.9458833 0.49388966 5.744326 -0.116260946 -2.0986497 -0.53872705 6.4979963 -2.4169836 
5.0562916 -0.9677236 0.99588776 -4.94413 0.4821108 5.7378016 -0.11791612 -2.1130216 -0.5460466 6.495777 -2.4344144 
5.057148 -0.9672487 0.99601156 -4.943263 0.47622135 5.734562 -0.115392 -2.115638 -0.54968846 6.4973073 -2.4395313 
5.058551 -0.9663304 0.9962246 -4.941855 0.46610993 5.727937 -0.1152412 -2.1241128 -0.55738914 6.496767 -2.4505088 
5.0591617 -0.96590763 0.9962484 -4.9412417 0.4614119 5.724768 -0.11484001 -2.1279926 -0.5609679 6.4971147 -2.4553194 
5.0570345 -0.96728814 0.99473417 -4.9433675 0.4881844 5.742242 -0.096368134 -2.100811 -0.55020905 6.5093184 -2.4385507 
5.05584 -0.9680473 0.9938605 -4.9445615 0.50218225 5.7513003 -0.0865882 -2.0866086 -0.5443269 6.51627 -2.429211 
5.0552425 -0.9684272 0.9934046 -4.9451857 0.5091812 5.755898 -0.077015236 -2.0728476 -0.54133564 6.523189 -2.4196444 
5.054944 -0.96861607 0.9931852 -4.9454217 0.51268065 5.7581043 -0.072970405 -2.0725744 -0.539982 6.5255075 -2.425026 
5.056558 -0.96773756 0.9934005 -4.943776 0.5014772 5.7520614 -0.073334984 -2.085391 -0.5465903 6.5242333 -2.440922 
5.0573654 -0.9672983 0.99350196 -4.9429617 0.49587545 5.7490587 -0.07069014 -2.0880067 -0.5498792 6.52588 -2.4458067 
5.058847 -0.9663236 0.9937313 -4.941477 0.4846426 5.74165 -0.07076524 -2.0977466 -0.5580704 6.525154 -2.4575937 
5.0595055 -0.96586925 0.9937708 -4.9408164 0.47933084 5.7380686 -0.07052351 -2.1023118 -0.56192005 6.5253515 -2.4628758 
5.059835 -0.9656441 0.9936997 -4.9406557 0.47667497 5.736773 -0.048114885 -2.0629845 -0.56353956 6.539182 -2.4398801 
5.06137 -0.9646345 0.9939053 -4.939205 0.46514815 5.729448 -0.038705446 -2.0535197 -0.5713911 6.5442047 -2.4391375 
5.062137 -0.9641297 0.9940061 -4.9384823 0.45938474 5.7257886 -0.033335358 -2.0479994 -0.57531273 6.5474896 -2.4378498 
5.062521 -0.9638758 0.9940671 -4.9380283 0.45650303 5.7238507 -0.03141032 -2.0519047 -0.5774373 6.547983 -2.447283 
5.0644393 -0.9627901 0.994411 -4.9360747 0.4432828 5.7163405 -0.032586146 -2.0656366 -0.5852231 6.546032 -2.4641073 
5.0651164 -0.9623724 0.9943504 -4.93538 0.43852386 5.713407 -0.031648055 -2.0706515 -0.58824927 6.546666 -2.4705663 
5.0642376 -0.96292764 0.99346036 -4.9362497 0.44816935 5.719488 -0.022686046 -2.0611339 -0.5842046 6.553237 -2.4649415 
5.0637984 -0.9632053 0.9930106 -4.9366903 0.4529921 5.7225385 -0.017182546 -2.0551274 -0.58217216 6.557577 -2.4608421 
5.0635786 -0.96334267 0.99279624 -4.93682 0.45540348 5.7239566 -0.015220227 -2.05889 -0.5813143 6.558579 -2.4688034 
5.063469 -0.963411 0.992695 -4.9368367 0.45660916 5.724607 -0.015148397 -2.068202 -0.5809685 6.557789 -2.4833329 
5.0649085 -0.9626086 0.99290204 -4.935351 0.44744378 5.719464 -0.016797002 -2.082626 -0.58663905 6.555594 -2.5010352 
5.06534 -0.96233433 0.99276733 -4.934896 0.44473058 5.717716 -0.016075402 -2.0879686 -0.5885961 6.556144 -2.5078938 
5.065556 -0.9621982 0.9926449 -4.93476 0.44337398 5.717088 -0.0016870834 -2.0673847 -0.5894179 6.5653586 -2.4965036 
5.065664 -0.96212924 0.9925922 -4.93462 0.44269568 5.7166896 0.004722148 -2.0637236 -0.5899525 6.56882 -2.5004861 
5.0672364 -0.9612462 0.9928323 -4.933031 0.43243405 5.7109456 0.0061856746 -2.0718155 -0.5960539 6.568719 -2.512918 
5.0680227 -0.9608047 0.99294573 -4.9322457 0.42730325 5.7080917 0.009645275 -2.072244 -0.5990898 6.5709076 -2.5161643 
5.0684156 -0.96058273 0.9930117 -4.9317727 0.42473784 5.7065735 0.010670648 -2.078561 -0.6007437 6.570952 -2.5268843 
5.068612 -0.9604714 0.99305004 -4.931492 0.42345515 5.7057624 0.010396721 -2.0882726 -0.60164535 6.569841 -2.541685 
5.0700035 -0.9596892 0.9932831 -4.9300585 0.41489536 5.7009077 0.008949876 -2.1010468 -0.60700136 6.567841 -2.5578158 
5.0703425 -0.95945555 0.99310714 -4.9296985 0.41292143 5.6994987 0.010118058 -2.105128 -0.6086277 6.568795 -2.5634992 
5.068922 -0.9603402 0.9919111 -4.9311085 0.42748243 5.708587 0.021537554 -2.0916207 -0.6023828 6.577081 -2.5551353 
5.0680075 -0.9608961 0.99113435 -4.932018 0.43575063 5.7136803 0.02811161 -2.0838792 -0.5984968 6.5824265 -2.5495796 
5.067183 -0.9614 0.9904428 -4.93284 0.44234598 5.717741 0.033429734 -2.0775473 -0.59495884 6.587239 -2.5442092 
5.0667706 -0.961652 0.9900904 -4.933259 0.44564363 5.719785 0.037342098 -2.0728393 -0.5931761 6.5908947 -2.5399861 
5.0665646 -0.9617767 0.98992443 -4.933384 0.44729248 5.7207065 0.038526237 -2.0769124 -0.59242976 6.5916142 -2.547101 
5.0679126 -0.961028 0.9900986 -4.9319954 0.43856677 5.715829 0.03742554 -2.088499 -0.5976098 6.5902133 -2.5605934 
5.0682654 -0.9607961 0.98992074 -4.931622 0.43627375 5.7143087 0.03858311 -2.0922227 -0.59923375 6.591309 -2.5651627 
5.0671563 -0.9614884 0.98891485 -4.9327207 0.44751242 5.7213364 0.047997274 -2.0816994 -0.59426713 6.598413 -2.5582576 
5.0664196 -0.96193624 0.9882516 -4.933452 0.45399392 5.725332 0.053463552 -2.0755756 -0.59108996 6.603059 -2.5535626 
5.0660515 -0.9621603 0.98790777 -4.933834 0.45723468 5.727362 0.05871075 -2.0692189 -0.5894739 6.6074877 -2.5484555 
5.0658674 -0.9622711 0.9877458 -4.9339437 0.45885506 5.7282777 0.06051588 -2.072713 -0.588806 6.608551 -2.5552857 
5.06724 -0.9615071 0.9879275 -4.9325337 0.4498488 5.723244 0.05965812 -2.0842764 -0.59411824 6.6072726 -2.5687943 
5.0676255 -0.96125877 0.9877686 -4.93213 0.44727087 5.721582 0.06082504 -2.088133 -0.5958627 6.6083364 -2.573494 
5.067818 -0.96113545 0.98763907 -4.9320083 0.44598192 5.7209625 0.07389731 -2.0700066 -0.5965985 6.6169124 -2.5629265 
5.0679145 -0.96107286 0.98758304 -4.9318767 0.44533744 5.7205667 0.07962073 -2.0675464 -0.5970869 6.6200624 -2.5668883 
5.0679626 -0.9610412 0.9875602 -4.931768 0.4450152 5.7203183 0.08171259 -2.0726798 -0.5974032 6.620544 -2.5779083 
5.0679865 -0.96102506 0.98755354 -4.931673 0.44485408 5.720147 0.08206886 -2.0811203 -0.5976299 6.6197796 -2.5919795 
5.069275 -0.9603012 0.987768 -4.9303493 0.43664968 5.715505 0.08086046 -2.0934644 -0.6026058 6.6179175 -2.6076853 
5.0695863 -0.9600865 0.9876002 -4.9300203 0.4346691 5.714123 0.08201023 -2.0975149 -0.60410357 6.6188364 -2.6133003 
5.0684414 -0.9607984 0.98658264 -4.9311566 0.4460616 5.72123 0.09147302 -2.0871572 -0.5990365 6.6259246 -2.6068728 
5.0678687 -0.96115434 0.98606867 -4.931731 0.45175785 5.7247934 0.09723665 -2.080734 -0.59649247 6.63057 -2.6023314 
5.068579 -0.9606143 0.9859931 -4.9310217 0.4464172 5.720676 0.09862814 -2.085711 -0.60119647 6.631383 -2.6083565 
5.0688415 -0.9603821 0.98586947 -4.93076 0.44404435 5.7187386 0.09959878 -2.087902 -0.6032879 6.6323805 -2.6107292 
5.0689726 -0.96026766 0.98572695 -4.9307675 0.44285792 5.718145 0.11828756 -2.0577538 -0.6041011 6.644166 -2.5925434 
5.070266 -0.9593899 0.98588383 -4.929544 0.43304858 5.711688 0.12591936 -2.0518959 -0.6106359 6.648355 -2.5926187 
5.0707912 -0.95900196 0.9858532 -4.929053 0.42862 5.70866 0.13016483 -2.0484908 -0.6135612 6.651182 -2.5918446 
5.069735 -0.95966786 0.98489934 -4.930126 0.43933898 5.7155766 0.14148979 -2.033855 -0.60884875 6.659336 -2.581984 
5.069072 -0.96007556 0.98430043 -4.930798 0.4452217 5.7193246 0.14762479 -2.0260139 -0.60599566 6.6642237 -2.5761561 
5.0684743 -0.9604447 0.9837755 -4.9314 0.44976634 5.7221947 0.1520517 -2.02049 -0.6034098 6.668249 -2.5713768 
5.0681753 -0.9606293 0.9835084 -4.9317064 0.45203865 5.723638 0.15502514 -2.0168242 -0.60210776 6.6711135 -2.5679743 
5.0693126 -0.9597924 0.983633 -4.930573 0.44178185 5.716133 0.15422642 -2.0263844 -0.6091466 6.670409 -2.576923 
5.0698023 -0.9594064 0.9836221 -4.930085 0.43688798 5.712477 0.15404499 -2.0309298 -0.6124461 6.670553 -2.580863 
5.0687804 -0.96004814 0.9827157 -4.931108 0.44705343 5.7189603 0.16292329 -2.02059 -0.60803074 6.6771708 -2.573629 
5.0682697 -0.96036905 0.98225963 -4.931623 0.45213616 5.722206 0.16785531 -2.0148509 -0.60581744 6.6811147 -2.5692782 
5.0693035 -0.95959204 0.9822921 -4.930591 0.44312552 5.7154303 0.16798736 -2.0235333 -0.61250824 6.6809196 -2.577828 
5.0698204 -0.95920354 0.9823072 -4.9300766 0.4386202 5.712044 0.1683256 -2.0275712 -0.61585146 6.681264 -2.5816107 
5.070079 -0.9590075 0.9823292 -4.929713 0.43636754 5.7102127 0.16739842 -2.0376701 -0.61769915 6.6800365 -2.5938144 
5.070208 -0.9589091 0.9823462 -4.9294844 0.43524122 5.7092404 0.16603184 -2.0497663 -0.6186991 6.678213 -2.609358 
5.071614 -0.95810294 0.98259 -4.9280286 0.42615783 5.7039456 0.16385336 -2.0643346 -0.62417537 6.675754 -2.6259475 
5.0723166 -0.9576999 0.9827054 -4.9273095 0.42161614 5.701315 0.16528314 -2.0683284 -0.62689984 6.676627 -2.631496 
5.073699 -0.9567671 0.9829524 -4.925919 0.41136083 5.694335 0.16453162 -2.0783098 -0.63392067 6.6755986 -2.6422465 
5.07439 -0.9563007 0.98307425 -4.9252257 0.40623316 5.6908474 0.16458902 -2.0828083 -0.63742805 6.6756983 -2.6469238 
5.0747356 -0.95606595 0.9831469 -4.9247875 0.40366933 5.6889944 0.16378514 -2.0915294 -0.63932776 6.6746354 -2.657911 
5.0749083 -0.95594823 0.9831882 -4.9245276 0.4023874 5.688022 0.16268758 -2.1015956 -0.6403419 6.6731305 -2.67139 
5.0760746 -0.9552788 0.98338526 -4.9233174 0.39548686 5.6839976 0.16111639 -2.1128883 -0.64472896 6.671257 -2.6849935 
5.076238 -0.9551302 0.9831395 -4.923132 0.3946231 5.6831326 0.16245385 -2.1159482 -0.64575315 6.672484 -2.6891592 
5.07632 -0.95505685 0.9829601 -4.9231286 0.39419124 5.6829176 0.17613056 -2.0968773 -0.64612514 6.681474 -2.6779757 
5.076361 -0.95501924 0.98287916 -4.9230585 0.3939753 5.68273 0.18219948 -2.0933895 -0.64641887 6.684932 -2.6805346 
5.0775056 -0.95436436 0.9830273 -4.9219 0.38725972 5.6788964 0.18412499 -2.0982533 -0.6505718 6.6854734 -2.6888914 
5.078078 -0.95403695 0.9830933 -4.921331 0.38390195 5.6769996 0.18812487 -2.0966835 -0.652632 6.6882277 -2.6897976 
5.0792394 -0.95325094 0.9832807 -4.920171 0.37588632 5.6715484 0.18900773 -2.1022353 -0.6582984 6.6884546 -2.6967754 
5.0796857 -0.9529137 0.9832518 -4.919725 0.3723306 5.66901 0.18986143 -2.1045592 -0.66078275 6.6893353 -2.699423 
5.079909 -0.9527467 0.98315597 -4.919637 0.37055275 5.6680717 0.20704149 -2.0779493 -0.66181827 6.7002397 -2.6834006 
5.0800204 -0.9526622 0.9831175 -4.9195213 0.36966383 5.6675186 0.2147721 -2.0711672 -0.6624458 6.704571 -2.6838996 
5.0812073 -0.9519765 0.9832882 -4.9183326 0.36269656 5.6635303 0.21754181 -2.0742989 -0.66672057 6.705567 -2.6911106 
5.081393 -0.95181596 0.9830371 -4.918146 0.36161527 5.6626096 0.2209075 -2.0734625 -0.66775155 6.708107 -2.6922398 
5.080124 -0.9525986 0.9819161 -4.9194145 0.37265894 5.6694913 0.23105988 -2.06146 -0.66269934 6.7158 -2.6840196 
5.079282 -0.9531079 0.9811712 -4.920256 0.37903193 5.6734157 0.23689215 -2.0546076 -0.6594474 6.720781 -2.6786323 
5.0788608 -0.9533627 0.9807887 -4.9206896 0.38221842 5.675399 0.2414562 -2.049119 -0.6578022 6.7247977 -2.674028 
5.0797415 -0.95270705 0.9808104 -4.919815 0.37516645 5.670187 0.2420512 -2.0550199 -0.66285276 6.725209 -2.679911 
5.080069 -0.9524264 0.9807175 -4.919491 0.3719889 5.6677265 0.24266909 -2.057622 -0.6650856 6.7260585 -2.6821523 
5.0802326 -0.9522872 0.98060834 -4.919428 0.3704001 5.6667337 0.2554987 -2.0390537 -0.6660507 6.7344704 -2.6705978 
5.081492 -0.95141363 0.9807793 -4.918219 0.3610929 5.6604233 0.26028287 -2.0382824 -0.6721079 6.737113 -2.6729832 
5.081983 -0.9510358 0.98073965 -4.917753 0.35693344 5.657479 0.26312152 -2.0374026 -0.6747777 6.7391953 -2.6733334 
5.0822287 -0.9508478 0.98066765 -4.9176006 0.35485372 5.6561923 0.27481982 -2.0210977 -0.6759919 6.7469225 -2.663189 
5.082351 -0.9507526 0.9806449 -4.9174333 0.35381386 5.6554346 0.27944303 -2.0214183 -0.67673576 6.7493176 -2.6682646 
5.0824127 -0.95070463 0.9806397 -4.9173017 0.35329393 5.6550016 0.28090224 -2.0281572 -0.67717904 6.7493954 -2.679445 
5.082443 -0.95068026 0.9806427 -4.9171915 0.35303396 5.654736 0.2808838 -2.0375068 -0.67746687 6.7484217 -2.6931307 
5.0824585 -0.95066774 0.9806495 -4.9170938 0.352904 5.6545568 0.28016517 -2.0479078 -0.6776745 6.7469664 -2.7077913 
5.083552 -0.9500433 0.9808331 -4.915959 0.34673554 5.6509924 0.27879268 -2.0592117 -0.6814984 6.745154 -2.7216558 
5.08368 -0.9499184 0.98057973 -4.91581 0.34606862 5.650292 0.28010088 -2.0624464 -0.682299 6.7462964 -2.726105 
5.082442 -0.95068234 0.9794898 -4.917038 0.3564314 5.6567287 0.2886654 -2.0533674 -0.6774761 6.7529554 -2.720098 
5.081823 -0.95106435 0.97894007 -4.9176574 0.36161277 5.6599545 0.29368693 -2.04796 -0.6750563 6.7571526 -2.7160761 
5.0815134 -0.95125365 0.9786808 -4.917862 0.36420345 5.6614323 0.2949813 -2.0534823 -0.6740052 6.7578225 -2.7237263 
5.0813584 -0.95134795 0.9785567 -4.917921 0.3654988 5.6621222 0.29487154 -2.0621471 -0.67354417 6.7571554 -2.7353666 
5.082322 -0.95080197 0.97866774 -4.9169097 0.36024022 5.659102 0.29383445 -2.0723858 -0.676906 6.7557735 -2.7474914 
5.082385 -0.95071614 0.9783771 -4.916823 0.3600355 5.658675 0.29531994 -2.0750804 -0.6774685 6.7571516 -2.7510505 
5.0811315 -0.9514881 0.9772779 -4.9180646 0.37050432 5.665164 0.30390844 -2.0658567 -0.6725661 6.763909 -2.7446542 
5.0805044 -0.9518741 0.9767234 -4.918691 0.37573874 5.6684155 0.30896124 -2.0603547 -0.67010635 6.7681775 -2.7404115 
5.081228 -0.95131195 0.97665536 -4.917968 0.36983 5.663831 0.30976683 -2.0661297 -0.674572 6.7687335 -2.7461097 
5.081474 -0.9510792 0.9765145 -4.9177217 0.36721265 5.6616797 0.3104809 -2.06868 -0.67651033 6.769663 -2.7482538 
5.0800343 -0.95199573 0.97531754 -4.919161 0.37993976 5.6698837 0.32095864 -2.0559194 -0.67066413 6.7775607 -2.7390175 
5.0791526 -0.9525444 0.97457194 -4.9200425 0.38685068 5.6742916 0.32669517 -2.0489917 -0.66719466 6.782399 -2.7334208 
5.078407 -0.95300967 0.9739371 -4.9207883 0.39191458 5.6775017 0.33094442 -2.0439193 -0.66423815 6.786495 -2.7286694 
5.077854 -0.9533497 0.97345823 -4.921341 0.39514098 5.679522 0.3336932 -2.0406888 -0.6620871 6.789554 -2.7251687 
5.0773697 -0.9536474 0.9730344 -4.9218254 0.39766246 5.6810894 0.33587244 -2.038165 -0.6601987 6.7922583 -2.722093 
5.0771275 -0.95379627 0.9728173 -4.922074 0.39892322 5.681881 0.33767313 -2.036068 -0.65924525 6.7944365 -2.7195845 
5.0770063 -0.9538689 0.97272587 -4.9220877 0.3995536 5.682125 0.33712688 -2.0443416 -0.6589386 6.7939014 -2.7287958 
5.078199 -0.9531883 0.97290874 -4.920841 0.39199704 5.677744 0.3354179 -2.05635 -0.6632299 6.792217 -2.7411706 
5.0787954 -0.952848 0.9729938 -4.920226 0.38821876 5.675568 0.33683023 -2.05944 -0.6653631 6.793306 -2.7448752 
5.0790935 -0.9526765 0.9730496 -4.9198275 0.38632962 5.6743627 0.3364138 -2.068691 -0.66656864 6.7925224 -2.7558424 
5.0792427 -0.9525904 0.9730825 -4.9195886 0.38538504 5.6737146 0.33551064 -2.0788145 -0.6672317 6.791204 -2.7686563 
5.080323 -0.9519758 0.97326726 -4.918463 0.3790981 5.6700864 0.33408585 -2.089691 -0.6710546 6.7895164 -2.781207 
5.0808635 -0.95166856 0.97335184 -4.9179106 0.37595463 5.6682906 0.33622915 -2.0914032 -0.6729508 6.7910223 -2.784417 
5.0811334 -0.9515137 0.97340566 -4.9175525 0.37438288 5.667291 0.33635223 -2.0989778 -0.67402226 6.790623 -2.7941809 
5.082251 -0.9508749 0.97359884 -4.916391 0.36791483 5.663546 0.33545244 -2.1084473 -0.6779582 6.7894163 -2.8050158 
5.0823593 -0.950757 0.9733236 -4.9162607 0.36731598 5.662852 0.33717674 -2.1105468 -0.67872393 6.791032 -2.8077443 
5.081084 -0.9515396 0.97219664 -4.9175253 0.37792388 5.6694064 0.34615347 -2.1006892 -0.67377144 6.7981124 -2.8006766 
5.080446 -0.9519309 0.971628 -4.918164 0.38322783 5.6726913 0.35145578 -2.0948043 -0.6712861 6.802598 -2.7960322 
5.080127 -0.952125 0.97135746 -4.91839 0.3858798 5.674213 0.35300738 -2.0992837 -0.67018455 6.8035603 -2.802355 
5.080973 -0.9516468 0.9713956 -4.917497 0.38125476 5.6715693 0.35275704 -2.1074743 -0.6731401 6.802984 -2.8116462 
5.080975 -0.95159596 0.9710654 -4.9174724 0.38138366 5.6713386 0.35465592 -2.1091282 -0.6734864 6.8047957 -2.8137596 
5.079759 -0.9523401 0.9699874 -4.9186764 0.3913552 5.67749 0.36303926 -2.100048 -0.6687429 6.8115335 -2.807044 
5.078946 -0.9528295 0.9692644 -4.9194837 0.39713547 5.68102 0.36794293 -2.0947134 -0.66565526 6.8160257 -2.8024328 
5.078246 -0.9532557 0.96864843 -4.920181 0.40149185 5.6836915 0.37166637 -2.09058 -0.6629555 6.819892 -2.7982588 
5.0776954 -0.9535893 0.96816075 -4.92073 0.40447453 5.6855106 0.3742486 -2.0877087 -0.66084766 6.822955 -2.79491 
5.07742 -0.9537562 0.96791047 -4.9210124 0.40596586 5.686431 0.37646988 -2.0851665 -0.659782 6.8255043 -2.792025 
5.078394 -0.95303583 0.9680219 -4.920042 0.39708564 5.679929 0.3755313 -2.0935214 -0.6653365 6.824987 -2.7989988 
5.078767 -0.9527234 0.9679725 -4.9196706 0.39298415 5.67682 0.37537473 -2.0973601 -0.6678189 6.8253775 -2.8017828 
5.0776143 -0.9534478 0.9669629 -4.9208236 0.40275314 5.68304 0.38399205 -2.0874598 -0.66320217 6.8321247 -2.7942693 
5.076883 -0.95389706 0.96631634 -4.9215555 0.40816006 5.686443 0.38877705 -2.0819871 -0.6603613 6.836365 -2.7895615 
5.076517 -0.95412177 0.96598387 -4.9219327 0.41086352 5.6881623 0.39261615 -2.0774672 -0.6589235 6.839866 -2.7855053 
5.077523 -0.9533819 0.9660743 -4.9209323 0.40192622 5.681648 0.392315 -2.0854962 -0.66457486 6.8396983 -2.792365 
5.0780263 -0.953012 0.9661178 -4.920434 0.39745757 5.6783924 0.3925478 -2.0890791 -0.6673977 6.8401785 -2.79516 
5.078278 -0.9528253 0.966155 -4.9200835 0.39522323 5.6766286 0.3914301 -2.0989606 -0.6689632 6.839023 -2.8057067 
5.079447 -0.95213544 0.96635646 -4.918865 0.38780868 5.6721454 0.38976723 -2.1101987 -0.6733881 6.837329 -2.817349 
5.079634 -0.95196784 0.96612734 -4.918653 0.3863972 5.670929 0.39084265 -2.113522 -0.674535 6.838464 -2.8207839 
5.0797276 -0.9518847 0.96597207 -4.918607 0.3856915 5.6704555 0.4000224 -2.1024332 -0.67501837 6.8448176 -2.813964 
5.0808167 -0.9511228 0.9661029 -4.917542 0.37741506 5.6647415 0.40302694 -2.1048124 -0.6802595 6.8465476 -2.8177867 
5.0813613 -0.9507419 0.9661661 -4.917012 0.37327683 5.6618876 0.40510073 -2.1053443 -0.6828762 6.8481455 -2.8188548 
5.0816336 -0.95054984 0.9662123 -4.916651 0.3712077 5.660334 0.40498823 -2.1132262 -0.6843286 6.847635 -2.8280678 
5.082722 -0.9499077 0.96639717 -4.9155173 0.3646797 5.6564083 0.40399912 -2.1226606 -0.6883168 6.846413 -2.8383648 
5.082818 -0.94978714 0.96611935 -4.915399 0.36401796 5.6556087 0.40565234 -2.1247756 -0.6891325 6.8479786 -2.8408766 
5.0828657 -0.94972754 0.96593744 -4.9154034 0.3636871 5.6553483 0.41545224 -2.112568 -0.6894471 6.8547482 -2.8332818 
5.083865 -0.94902235 0.96603817 -4.91443 0.35633275 5.6502414 0.41893953 -2.113653 -0.6942028 6.8568277 -2.8361266 
5.0842032 -0.9487387 0.96594244 -4.9141054 0.35322502 5.6479306 0.42119765 -2.113626 -0.69617474 6.858728 -2.8365965 
5.084372 -0.9485978 0.9658411 -4.914024 0.35167116 5.646955 0.4326083 -2.0980885 -0.6970434 6.8663807 -2.8267117 
5.0854807 -0.94782084 0.96599394 -4.9129586 0.34338722 5.641289 0.436822 -2.0978267 -0.7022141 6.8688426 -2.828636 
5.085873 -0.9475018 0.96592414 -4.912588 0.33981574 5.6387005 0.43944362 -2.0971253 -0.7043959 6.870924 -2.8286555 
5.086069 -0.94734305 0.96584064 -4.912475 0.33803 5.6375637 0.44989127 -2.0831625 -0.7053828 6.8779907 -2.8196878 
5.087233 -0.9465258 0.9660135 -4.9113526 0.32929176 5.631564 0.4535354 -2.0840266 -0.71078694 6.880096 -2.8222973 
5.0876565 -0.9461852 0.96595687 -4.9109497 0.32546872 5.6287985 0.4558508 -2.0839124 -0.71309865 6.88197 -2.8226926 
5.087868 -0.94601566 0.9658832 -4.9108152 0.3235572 5.627558 0.4653403 -2.0715644 -0.71415955 6.8884516 -2.8147113 
5.087974 -0.94592965 0.9658605 -4.9106574 0.32260144 5.6268215 0.4687737 -2.0738142 -0.71481866 6.890244 -2.8200245 
5.088989 -0.9453306 0.96601063 -4.9096165 0.31681216 5.623383 0.4695985 -2.0802505 -0.71833706 6.890214 -2.828198 
5.0890627 -0.94522566 0.96572727 -4.909529 0.31631926 5.622742 0.47199756 -2.0810668 -0.71900153 6.8922157 -2.8298464 
5.0879655 -0.94589365 0.96472394 -4.91062 0.32464263 5.627864 0.4797062 -2.0729053 -0.71501034 6.8983874 -2.8238626 
5.0874166 -0.94622767 0.9642181 -4.9111705 0.3288043 5.63043 0.4841286 -2.0681684 -0.7130079 6.9021826 -2.8200514 
5.0871425 -0.94639266 0.96398556 -4.911324 0.33088517 5.631546 0.48464477 -2.0759072 -0.71218044 6.902321 -2.8286371 
5.087005 -0.9464748 0.9638747 -4.9113593 0.3319256 5.632058 0.48420027 -2.0851831 -0.7118252 6.9014897 -2.8398578 
5.087816 -0.94601196 0.9639619 -4.910497 0.32771096 5.6296024 0.48321053 -2.094556 -0.71454054 6.900255 -2.8505197 
5.088222 -0.9457806 0.96399766 -4.910076 0.32560363 5.628392 0.48540807 -2.0957456 -0.715884 6.9018407 -2.8529897 
5.0884247 -0.94566345 0.9640301 -4.909772 0.32454997 5.627667 0.4852787 -2.1042507 -0.71668833 6.9012766 -2.8629637 
5.089399 -0.94510067 0.9641906 -4.908747 0.3192692 5.624557 0.48442793 -2.1132572 -0.71997476 6.9001694 -2.872942 
5.0893974 -0.9450385 0.9638688 -4.9087234 0.3193873 5.62424 0.48627254 -2.115002 -0.7203871 6.901873 -2.8751876 
5.08813 -0.9458105 0.9627511 -4.909978 0.32910758 5.6302075 0.4944936 -2.106213 -0.71578854 6.9084496 -2.8687332 
5.087278 -0.94632214 0.96199644 -4.9108233 0.33476308 5.6336493 0.49931774 -2.1010232 -0.7127704 6.912858 -2.8642576 
5.086852 -0.9465781 0.96161115 -4.911256 0.3375908 5.6353836 0.5028266 -2.0971081 -0.71124774 6.9161906 -2.8606615 
5.086639 -0.9467043 0.96143615 -4.911365 0.3390047 5.636105 0.503075 -2.1042883 -0.71063954 6.916275 -2.868462 
5.0865326 -0.94676715 0.96135336 -4.911382 0.33971164 5.6364255 0.5025924 -2.1126723 -0.71038824 6.9155235 -2.8786314 
5.086479 -0.94679826 0.9613159 -4.9113584 0.3400651 5.636552 0.5018628 -2.120966 -0.71030885 6.9144745 -2.8893719 
5.0864525 -0.9468136 0.9613008 -4.911315 0.34024182 5.6365833 0.5010367 -2.129035 -0.71031356 6.913307 -2.9002073 
5.086439 -0.946821 0.9612968 -4.911263 0.34033018 5.6365685 0.50018245 -2.136851 -0.710359 6.912104 -2.9109325 
5.0864325 -0.94682443 0.9612982 -4.9112077 0.34037438 5.6365314 0.4993324 -2.1444108 -0.7104235 6.9109054 -2.921455 
5.086429 -0.9468259 0.9613022 -4.9111514 0.34039646 5.636484 0.4985015 -2.1517208 -0.7104965 6.9097285 -2.9317355 
5.0871124 -0.9464369 0.9614093 -4.9104385 0.33688045 5.6344533 0.4975451 -2.1589026 -0.71277 6.9085374 -2.9408069 
5.087454 -0.94624245 0.96145225 -4.910096 0.33512244 5.633463 0.5009047 -2.1574085 -0.71388704 6.9109426 -2.9413664 
5.0884037 -0.9455915 0.9616259 -4.909146 0.32848018 5.6288724 0.50145924 -2.1624246 -0.7182171 6.911109 -2.9469538 
5.0888786 -0.94526607 0.9617101 -4.908674 0.32515907 5.62658 0.50234073 -2.1642413 -0.720378 6.9119854 -2.94884 
5.0898833 -0.9445399 0.96190715 -4.90767 0.31741863 5.6209702 0.50155413 -2.1712296 -0.725467 6.9113216 -2.9552424 
5.090217 -0.94424796 0.96185124 -4.907337 0.31406212 5.6183815 0.5016308 -2.17421 -0.7276094 6.911863 -2.9574893 
5.088377 -0.94542736 0.96036947 -4.909178 0.32935622 5.6282954 0.51396334 -2.158728 -0.7205589 6.921042 -2.946314 
5.0872345 -0.946142 0.9594274 -4.9103203 0.3377454 5.63367 0.5208016 -2.1502447 -0.7163291 6.926766 -2.9394736 
5.0866632 -0.94649947 0.9589455 -4.910905 0.34194 5.6363764 0.5257831 -2.1440883 -0.71419543 6.93113 -2.9342127 
5.087303 -0.94601125 0.95890033 -4.9102716 0.33659413 5.6323647 0.5266992 -2.1484532 -0.71776927 6.93195 -2.9380202 
5.087623 -0.9457671 0.95887554 -4.9099574 0.3339212 5.630361 0.52763975 -2.1500893 -0.7195527 6.933035 -2.93916 
5.087783 -0.9456434 0.9588785 -4.909704 0.33258474 5.629233 0.52690655 -2.1584308 -0.72058034 6.9322853 -2.9478056 
5.087863 -0.9455813 0.95888376 -4.9095464 0.3319165 5.6286364 0.52607393 -2.166441 -0.72113776 6.93128 -2.9573214 
5.087903 -0.94555 0.9588895 -4.9094405 0.3315824 5.6283116 0.5252885 -2.1736975 -0.7214545 6.9302483 -2.966741 
5.087923 -0.94553417 0.95889527 -4.9093614 0.33141533 5.628124 0.52454567 -2.1804457 -0.7216494 6.9292254 -2.9759693 
5.087933 -0.94552606 0.958901 -4.909296 0.3313318 5.628006 0.52383727 -2.1868436 -0.7217825 6.9282227 -2.9849901 
5.087938 -0.9455218 0.9589066 -4.909239 0.33129004 5.627923 0.5231578 -2.1929793 -0.72188383 6.9272447 -2.9938042 
5.0885158 -0.9451924 0.958994 -4.9086347 0.32844675 5.626276 0.5224031 -2.1988697 -0.7237829 6.926278 -3.0014603 
5.0888047 -0.94502777 0.959025 -4.9083495 0.3270251 5.6254835 0.52668923 -2.1955655 -0.72470886 6.9293504 -3.0005238 
5.088949 -0.9449445 0.95905006 -4.9081416 0.32631427 5.6250086 0.5280619 -2.1992278 -0.72526354 6.9299893 -3.0062435 
5.089618 -0.9445591 0.9591538 -4.9074407 0.32293633 5.6230307 0.5282865 -2.2040815 -0.7274814 6.929794 -3.012473 
5.089953 -0.94436646 0.9591936 -4.9071064 0.32124734 5.62207 0.5327297 -2.200757 -0.7285683 6.9330564 -3.0111256 
5.0907764 -0.9438034 0.9593381 -4.906283 0.3157261 5.618264 0.5340631 -2.2037716 -0.7322294 6.933855 -3.0148363 
5.0909667 -0.943616 0.9592108 -4.9060926 0.31373164 5.6166863 0.5354201 -2.2045126 -0.7335342 6.9353704 -3.015453 
5.088939 -0.94491607 0.9576056 -4.90812 0.33043015 5.627518 0.5489506 -2.1871874 -0.72575825 6.9454494 -3.0029268 
5.0876794 -0.94570476 0.9565807 -4.90938 0.33961353 5.6334043 0.5564695 -2.1776907 -0.72109354 6.951734 -2.9952855 
5.0870495 -0.9460993 0.95605683 -4.9100237 0.3442052 5.6363673 0.5618588 -2.170949 -0.7187416 6.9564486 -2.989542 
5.086735 -0.9462952 0.9558084 -4.9102616 0.34650105 5.6377378 0.5634166 -2.1746595 -0.71768427 6.957593 -2.994224 
5.0865774 -0.94639295 0.9556876 -4.910352 0.34764898 5.638394 0.5637806 -2.1799822 -0.71719533 6.957599 -3.001296 
5.0864987 -0.9464416 0.95562994 -4.9103727 0.34822294 5.6386976 0.5636266 -2.1856296 -0.7169858 6.9571185 -3.0091298 
5.0870495 -0.9461303 0.95569015 -4.9097924 0.345519 5.637149 0.5630985 -2.1914442 -0.71878946 6.956372 -3.0164032 
5.0866446 -0.94627815 0.95516974 -4.910183 0.3482836 5.638211 0.5661651 -2.190235 -0.71798235 6.959098 -3.016209 
5.084981 -0.9472708 0.9538049 -4.911839 0.3608555 5.645778 0.5761584 -2.1784406 -0.7120967 6.9670525 -3.0073936 
5.0838966 -0.94791216 0.9528958 -4.9129195 0.36807242 5.6500964 0.5819905 -2.1716125 -0.708321 6.9723315 -3.0015352 
5.083029 -0.9484341 0.95215577 -4.9137855 0.37314785 5.6531625 0.5861927 -2.1667316 -0.70522904 6.976679 -2.9966583 
5.082364 -0.94883424 0.9515777 -4.914449 0.37653142 5.6552052 0.5890565 -2.1634452 -0.7028591 6.9800844 -2.9928532 
5.0820317 -0.9490344 0.9512822 -4.9147887 0.3782232 5.656236 0.5913234 -2.160826 -0.7016632 6.982754 -2.9898202 
5.0828786 -0.94839966 0.95136493 -4.9139457 0.37017298 5.6502976 0.5904323 -2.1684124 -0.70632327 6.98244 -2.9955513 
5.083155 -0.9481446 0.95127153 -4.9136705 0.36658686 5.647515 0.5903904 -2.1717668 -0.7082924 6.9830637 -2.9975677 
5.0832934 -0.94801795 0.9511743 -4.913607 0.3647938 5.6462827 0.5997347 -2.159746 -0.7091715 6.9895773 -2.989505 
5.0843 -0.94730616 0.9513234 -4.912638 0.35668504 5.6406765 0.6028855 -2.1609478 -0.71390015 6.991526 -2.991673 
5.084803 -0.94695026 0.9513952 -4.912157 0.35263065 5.637877 0.60513026 -2.1607761 -0.7162601 6.9933276 -2.9918025 
5.085055 -0.9467708 0.9514468 -4.9118223 0.35060346 5.636348 0.6049402 -2.1685712 -0.7175734 6.992876 -2.999986 
5.0851808 -0.9466808 0.9514761 -4.911626 0.34958985 5.635553 0.6044039 -2.1760905 -0.71827084 6.9920607 -3.0089188 
5.0852437 -0.9466356 0.9514936 -4.911503 0.34908307 5.6351304 0.60379034 -2.1828923 -0.7186547 6.9911623 -3.0177078 
5.0858707 -0.9462746 0.9515929 -4.9108453 0.3457859 5.63319 0.6030211 -2.189337 -0.72076607 6.9901996 -3.025481 
5.085528 -0.9463867 0.95111096 -4.911173 0.3481078 5.63399 0.60585153 -2.1885889 -0.7201784 6.9927034 -3.0256808 
5.085356 -0.9464434 0.95082676 -4.9113994 0.3492688 5.63452 0.61601055 -2.1755936 -0.7197971 6.9998307 -3.0173004 
5.0852704 -0.9464708 0.9506953 -4.911444 0.34984928 5.6346965 0.6200973 -2.1754725 -0.71970266 7.0023155 -3.02004 
5.0852275 -0.94648427 0.95063275 -4.9114394 0.35013953 5.634757 0.6217431 -2.178749 -0.7196934 7.003017 -3.0259514 
5.085206 -0.9464908 0.95060426 -4.9114127 0.35028464 5.6347632 0.6222317 -2.1833382 -0.7197228 7.0028925 -3.0331016 
5.0857797 -0.9461621 0.950679 -4.910815 0.34736526 5.6330667 0.6220204 -2.1886246 -0.7216175 7.002326 -3.0399864 
5.0860667 -0.94599783 0.95070475 -4.9105315 0.34590557 5.6322465 0.6261867 -2.1855822 -0.72254336 7.0053086 -3.0390825 
5.087004 -0.94535345 0.95088226 -4.9095955 0.3390563 5.627505 0.6270014 -2.1901803 -0.7267694 7.0056977 -3.0439465 
5.0872793 -0.9451139 0.9507956 -4.9093213 0.33628327 5.625412 0.6279989 -2.1918278 -0.72841746 7.006879 -3.0452893 
5.085888 -0.94599366 0.9496011 -4.910713 0.34698176 5.6322665 0.6375972 -2.1805665 -0.7231794 7.014451 -3.0366883 
5.085192 -0.9464336 0.9489995 -4.911414 0.352331 5.635699 0.642956 -2.1742992 -0.7205535 7.0189867 -3.0315351 
5.0848446 -0.94665194 0.9487155 -4.911668 0.35500562 5.6372776 0.6442002 -2.1794572 -0.71937716 7.019826 -3.037212 
5.0846705 -0.9467609 0.94857687 -4.911767 0.35634294 5.638038 0.64440346 -2.1854725 -0.71882766 7.019688 -3.0446239 
5.08517 -0.9464813 0.9485979 -4.91123 0.35396677 5.636684 0.6440359 -2.191525 -0.7204486 7.0191064 -3.0516574 
5.0854197 -0.9463416 0.94859713 -4.9109764 0.35277867 5.636034 0.64799184 -2.189059 -0.72123826 7.021993 -3.0509586 
5.086361 -0.94569397 0.94876885 -4.910033 0.34579155 5.631184 0.64862204 -2.194219 -0.7255063 7.022283 -3.0560813 
5.086642 -0.94545126 0.9486826 -4.9097514 0.34293297 5.62903 0.6495129 -2.1961641 -0.7271836 7.0233974 -3.0575736 
5.085337 -0.94627374 0.94754446 -4.9110556 0.35281044 5.635339 0.6585268 -2.1858299 -0.72229254 7.030602 -3.049548 
5.084685 -0.946685 0.9469711 -4.9117126 0.35774916 5.6384983 0.66357934 -2.180043 -0.7198403 7.0349402 -3.0446992 
5.0843587 -0.94688904 0.94670147 -4.911944 0.36021852 5.639939 0.6646309 -2.1855755 -0.71875125 7.0356574 -3.05057 
5.084855 -0.94660854 0.94667596 -4.9114 0.3577878 5.6385336 0.664549 -2.192007 -0.72039133 7.0353913 -3.0572724 
5.0851035 -0.94646835 0.9466535 -4.9111404 0.35657242 5.637853 0.6679599 -2.190719 -0.7211937 7.037999 -3.0570478 
5.0852275 -0.9463972 0.94665414 -4.910937 0.35596475 5.6374145 0.66860014 -2.1966918 -0.72169864 7.0381823 -3.0638962 
5.0852895 -0.94636136 0.9466575 -4.91081 0.35566092 5.637169 0.6685514 -2.2027862 -0.72198653 7.0377727 -3.0715423 
5.0853205 -0.9463433 0.9466616 -4.910724 0.35550898 5.6370244 0.6682305 -2.2084942 -0.7221615 7.0371423 -3.0791836 
5.085336 -0.94633406 0.946666 -4.91066 0.35543302 5.6369314 0.66778743 -2.2139115 -0.72227883 7.036418 -3.0867178 
5.085344 -0.9463293 0.94667053 -4.910607 0.35539505 5.636865 0.66729224 -2.2191172 -0.7223668 7.035657 -3.0941215 
5.0853477 -0.94632673 0.946675 -4.9105597 0.35537606 5.636812 0.6667789 -2.2241569 -0.72243947 7.034888 -3.1013885 
5.0858464 -0.94604355 0.94675076 -4.910039 0.3528812 5.635376 0.66615456 -2.229162 -0.7240653 7.0340886 -3.1078246 
5.085339 -0.9462388 0.94617933 -4.9105353 0.3563046 5.636737 0.66960293 -2.2269938 -0.72299474 7.0370965 -3.1068103 
5.0850854 -0.9463371 0.9458477 -4.9108496 0.35801628 5.637555 0.6806781 -2.212443 -0.722367 7.0448623 -3.0972857 
5.0849586 -0.9463854 0.9456915 -4.9109454 0.35887212 5.6378837 0.6853051 -2.2109742 -0.7221396 7.0477676 -3.098756 
5.0854588 -0.94608444 0.945703 -4.9104295 0.3562882 5.636311 0.68714 -2.2132516 -0.7238698 7.0487123 -3.1026888 
5.085709 -0.94593406 0.94569755 -4.9101863 0.35499623 5.6355515 0.69213414 -2.209018 -0.72471434 7.052345 -3.1004903 
5.085834 -0.9458579 0.9457058 -4.9099965 0.35435024 5.635081 0.69364834 -2.2130325 -0.7252323 7.053126 -3.10585 
5.086456 -0.9454967 0.94579893 -4.9093423 0.3510424 5.633121 0.69393015 -2.2180247 -0.7273176 7.053013 -3.111691 
5.0867667 -0.94531614 0.9458341 -4.90903 0.34938845 5.632168 0.69818556 -2.2150993 -0.72833943 7.056145 -3.11041 
5.086922 -0.9452249 0.94586253 -4.9088063 0.3485615 5.631602 0.69934905 -2.2196586 -0.72894454 7.056695 -3.1161158 
5.087 -0.94517905 0.9458794 -4.9086714 0.34814802 5.6312957 0.6996099 -2.2246888 -0.72927886 7.0565286 -3.12275 
5.087039 -0.945156 0.94589007 -4.908584 0.34794128 5.6311235 0.6994822 -2.2295606 -0.72947377 7.0560703 -3.129492 
5.0875278 -0.9448777 0.94596434 -4.908071 0.3455185 5.6297197 0.6990777 -2.2343159 -0.73106176 7.055456 -3.1354864 
5.0877724 -0.9447386 0.9459875 -4.907833 0.34430712 5.629052 0.70408535 -2.2296913 -0.73183 7.0590262 -3.1332724 
5.0885997 -0.94417095 0.94614613 -4.907009 0.33828738 5.6248927 0.70546013 -2.232793 -0.7354978 7.059842 -3.1368122 
5.089013 -0.9438871 0.94622225 -4.906601 0.3352775 5.622817 0.7069078 -2.2334688 -0.7373266 7.061194 -3.1374955 
5.0899706 -0.9431964 0.9464264 -4.9056463 0.327472 5.617173 0.7062375 -2.240107 -0.7420267 7.0607243 -3.1430154 
5.0904493 -0.94285107 0.94652575 -4.905172 0.32356927 5.614354 0.706486 -2.2427654 -0.7443726 7.0612903 -3.1448684 
5.091405 -0.94215226 0.9467326 -4.904218 0.31565297 5.6085644 0.705302 -2.2500596 -0.74916875 7.060491 -3.1507287 
5.0918827 -0.94180286 0.94683325 -4.9037447 0.3116948 5.6056724 0.7053015 -2.253037 -0.75156265 7.060904 -3.152739 
5.0921216 -0.94162685 0.9468969 -4.903428 0.30971572 5.6041203 0.70424324 -2.2608485 -0.75286734 7.0600348 -3.1601708 
5.092692 -0.94127655 0.94699603 -4.902819 0.30651876 5.6020594 0.70338434 -2.2669616 -0.7549519 7.0592327 -3.166347 
5.0920916 -0.94149625 0.9463347 -4.9034 0.31021833 5.603392 0.7072095 -2.2647202 -0.75387734 7.0626426 -3.1646898 
5.0917916 -0.94160694 0.9459508 -4.9037676 0.31206813 5.6042147 0.71955925 -2.2484853 -0.7532367 7.0712633 -3.1538465 
5.092286 -0.94121337 0.9458882 -4.903307 0.3084001 5.601426 0.72481215 -2.2449608 -0.75573677 7.074761 -3.1524732 
5.092533 -0.9410166 0.9458532 -4.903081 0.30656606 5.6000366 0.72835904 -2.2421265 -0.756981 7.077581 -3.150539 
5.0926566 -0.9409169 0.94584936 -4.9028873 0.30564904 5.599234 0.7290161 -2.2473047 -0.75771165 7.077869 -3.156199 
5.093184 -0.9405958 0.9459177 -4.902325 0.30289808 5.5974965 0.7289984 -2.2521863 -0.7595493 7.0776315 -3.161555 
5.092611 -0.94080895 0.9452776 -4.9028807 0.30645883 5.598832 0.73296744 -2.2496908 -0.7584774 7.081105 -3.1597753 
5.0906415 -0.94197524 0.94368017 -4.904841 0.32056028 5.6072598 0.7443049 -2.236122 -0.7519489 7.090065 -3.1493704 
5.089657 -0.94255847 0.9428755 -4.905828 0.327611 5.611481 0.750769 -2.2284184 -0.7486754 7.0955076 -3.1430554 
5.0891647 -0.9428486 0.942489 -4.9062324 0.33113638 5.6134663 0.75263274 -2.2322676 -0.74716 7.096909 -3.147326 
5.0889187 -0.9429935 0.9422986 -4.906411 0.33289906 5.614435 0.7532404 -2.236928 -0.74643385 7.0971723 -3.153152 
5.0887957 -0.9430658 0.9422055 -4.906481 0.3337804 5.6149015 0.75329906 -2.2415054 -0.74609727 7.0969486 -3.1593218 
5.088734 -0.9431018 0.94216096 -4.9064965 0.33422107 5.615117 0.75309527 -2.2459567 -0.7459546 7.096495 -3.1655755 
5.089133 -0.9428757 0.94220036 -4.906075 0.332393 5.61406 0.75269914 -2.2502308 -0.7472174 7.0959315 -3.1710489 
5.0884595 -0.9431516 0.9415226 -4.906737 0.33685738 5.615929 0.75680053 -2.2469895 -0.74574184 7.0994277 -3.169059 
5.086658 -0.9442062 0.9400583 -4.9085326 0.3496925 5.6234984 0.76699674 -2.2347658 -0.7397555 7.10762 -3.1596763 
5.0857573 -0.94473356 0.9393204 -4.909437 0.35611007 5.6272902 0.77286345 -2.2277672 -0.73675334 7.112653 -3.1539042 
5.0853066 -0.94499576 0.93896765 -4.9098 0.35931885 5.629056 0.774348 -2.2322807 -0.7353759 7.113794 -3.1586237 
5.0850816 -0.94512665 0.93879396 -4.909959 0.36092323 5.6299157 0.7747648 -2.23727 -0.7347184 7.1139283 -3.1646445 
5.0854335 -0.9449276 0.93877673 -4.9095736 0.35938808 5.629015 0.774623 -2.2421021 -0.7358581 7.1136093 -3.1702344 
5.0848637 -0.9451599 0.93816525 -4.9101267 0.363149 5.630579 0.7782116 -2.2399898 -0.7346016 7.1167674 -3.168924 
5.0845785 -0.9452767 0.937819 -4.9104605 0.36502945 5.6314764 0.78799295 -2.227679 -0.7338949 7.123793 -3.1605935 
5.0852866 -0.94474274 0.93783593 -4.9097767 0.35919455 5.6272073 0.7913699 -2.2282987 -0.73735857 7.1260815 -3.1619098 
5.085641 -0.94447577 0.93784124 -4.9094386 0.3562771 5.625077 0.79381573 -2.227734 -0.73908544 7.128142 -3.1615098 
5.0867414 -0.9436701 0.9380647 -4.908346 0.34663692 5.6180563 0.79308236 -2.2356334 -0.744541 7.1276636 -3.1676183 
5.0872917 -0.9432673 0.9381739 -4.9078026 0.3418168 5.6145487 0.7932453 -2.2389846 -0.7472649 7.128156 -3.169846 
5.087567 -0.9430644 0.93824494 -4.90744 0.33940676 5.612664 0.7919057 -2.248519 -0.74875045 7.1270566 -3.1784027 
5.0881987 -0.9426749 0.9383586 -4.9067645 0.33562684 5.6102214 0.79082894 -2.255861 -0.7510753 7.1260777 -3.185396 
5.088515 -0.9424802 0.9384031 -4.906443 0.3337369 5.6090283 0.79466975 -2.2537503 -0.752216 7.128933 -3.1844766 
5.0893936 -0.9418722 0.93858093 -4.9055614 0.32719484 5.6044664 0.79538244 -2.258292 -0.7560737 7.1293592 -3.1886568 
5.089599 -0.9416688 0.93845904 -4.9053545 0.3247244 5.60253 0.79646033 -2.2597623 -0.75745964 7.1307096 -3.1894848 
5.0881896 -0.94255215 0.93723774 -4.9067636 0.33468297 5.608853 0.8055881 -2.2493036 -0.75242627 7.1381307 -3.1811073 
5.087251 -0.94312716 0.9364139 -4.9077015 0.3403768 5.6124225 0.8108048 -2.2433598 -0.7491862 7.142998 -3.175652 
5.086444 -0.94362485 0.93570256 -4.908509 0.34461585 5.6150727 0.8146455 -2.2389958 -0.7463735 7.1471305 -3.1710055 
5.0860405 -0.94387376 0.9353415 -4.9089184 0.34673536 5.616404 0.8171682 -2.2361276 -0.74495876 7.1499825 -3.1677868 
5.085839 -0.9439966 0.9351792 -4.909026 0.34779513 5.6169252 0.8167731 -2.2435284 -0.74438405 7.1498876 -3.174289 
5.0857377 -0.9440578 0.93510073 -4.909057 0.348325 5.6171627 0.8162527 -2.2499337 -0.74412763 7.1494107 -3.1811395 
5.085687 -0.9440883 0.93506354 -4.909054 0.34858996 5.617264 0.81575805 -2.2552938 -0.7440247 7.1488338 -3.1876798 
5.0860896 -0.94386095 0.93510705 -4.9086246 0.34664437 5.6161356 0.8152089 -2.260052 -0.7453014 7.1482053 -3.1932914 
5.086291 -0.94374734 0.93511426 -4.9084296 0.34567156 5.615608 0.82042295 -2.2550101 -0.7459132 7.151878 -3.1907065 
5.0863914 -0.94368964 0.9351285 -4.908268 0.34518516 5.615258 0.8220449 -2.2584546 -0.74630666 7.152715 -3.1954641 
5.0864415 -0.9436606 0.935138 -4.9081664 0.34494197 5.615063 0.82258123 -2.2625668 -0.74653107 7.152756 -3.2011282 
5.086467 -0.94364595 0.9351446 -4.908098 0.34482038 5.614949 0.82263327 -2.2666411 -0.74666715 7.1524606 -3.2069106 
5.086883 -0.9434096 0.93520576 -4.9076605 0.34282595 5.6137953 0.8223822 -2.270612 -0.7479846 7.151997 -3.2120042 
5.087091 -0.94329154 0.93522096 -4.9074626 0.34182873 5.613257 0.82806927 -2.2647138 -0.74861526 7.1559615 -3.20886 
5.087195 -0.94323164 0.9352388 -4.9073014 0.34133014 5.612905 0.8299731 -2.2674837 -0.74901474 7.156987 -3.2131083 
5.0876913 -0.9429442 0.93531585 -4.9067764 0.3388188 5.6114187 0.83057815 -2.2711308 -0.75062484 7.157127 -3.217667 
5.0879397 -0.9428006 0.93534106 -4.906532 0.33756313 5.6107073 0.8357137 -2.2665238 -0.7514062 7.1608133 -3.2151344 
5.088785 -0.9422189 0.93551147 -4.905688 0.33126727 5.6063457 0.83704185 -2.2698884 -0.75507087 7.1616435 -3.2185004 
5.0889726 -0.9420295 0.9353847 -4.9055014 0.32893208 5.604515 0.8384381 -2.270758 -0.7563557 7.1632032 -3.2189128 
5.0890665 -0.9419355 0.93527436 -4.905474 0.32776448 5.6037297 0.84729505 -2.259715 -0.7569098 7.169524 -3.2113237 
5.089113 -0.94188756 0.9352301 -4.905396 0.32718068 5.6032505 0.8506805 -2.2603714 -0.7572731 7.171648 -3.2136695 
5.08958 -0.94160587 0.9352758 -4.9049134 0.32465237 5.601711 0.85203093 -2.262936 -0.7588533 7.172342 -3.2172482 
5.089813 -0.9414651 0.9352859 -4.9046893 0.32338822 5.6009703 0.8572527 -2.2581944 -0.7596211 7.176113 -3.2145002 
5.0906734 -0.9408681 0.93545526 -4.9038334 0.31690526 5.596457 0.85857093 -2.2616744 -0.76335937 7.1769524 -3.217863 
5.0908704 -0.9406705 0.9353296 -4.903639 0.3144617 5.5945454 0.85994893 -2.2626164 -0.7646899 7.1784945 -3.2182984 
5.0909686 -0.9405724 0.93522304 -4.9036026 0.31323993 5.593707 0.86807084 -2.2527227 -0.76527447 7.18437 -3.2113984 
5.0910177 -0.9405224 0.9351816 -4.903516 0.31262904 5.593194 0.8709887 -2.2543952 -0.765658 7.186194 -3.2143977 
5.0910425 -0.94049716 0.9351634 -4.903451 0.3123236 5.592917 0.87216556 -2.2576506 -0.76587766 7.186725 -3.2191648 
5.0914474 -0.9402602 0.93521017 -4.903026 0.31033424 5.5917287 0.87249255 -2.2611148 -0.76718414 7.1866927 -3.2236416 
5.09165 -0.94014174 0.935219 -4.9028335 0.30933955 5.59117 0.8779782 -2.2556803 -0.76781166 7.1905513 -3.2206626 
5.091751 -0.94008154 0.9352352 -4.902668 0.3088422 5.590797 0.8796259 -2.2593544 -0.7682167 7.1914077 -3.225433 
5.0922327 -0.93980014 0.9353089 -4.9021544 0.3064534 5.5893626 0.8801243 -2.2633314 -0.7697649 7.191485 -3.230126 
5.0916724 -0.9400169 0.93469864 -4.9026985 0.30995896 5.590743 0.8841704 -2.26062 -0.7686598 7.1949253 -3.2282617 
5.090054 -0.94096607 0.9333512 -4.904309 0.32095143 5.5972376 0.8933894 -2.2500248 -0.7634241 7.202451 -3.2198749 
5.089245 -0.9414407 0.93267244 -4.90512 0.32644767 5.600491 0.89861876 -2.24402 -0.7607986 7.2070107 -3.214773 
5.0898647 -0.9409303 0.9325923 -4.904501 0.31989306 5.595328 0.89887965 -2.2503204 -0.7644704 7.2075624 -3.2190514 
5.08999 -0.9407552 0.93238336 -4.904376 0.3171643 5.592984 0.8995122 -2.252922 -0.76588 7.2087374 -3.2202084 
5.090053 -0.9406682 0.9322417 -4.9043646 0.31579992 5.591908 0.9059192 -2.245887 -0.7665176 7.2136183 -3.214911 
5.0909514 -0.94001627 0.9323709 -4.903492 0.3081977 5.586513 0.9075261 -2.2492895 -0.77062964 7.214812 -3.2176669 
5.0914006 -0.9396903 0.93243235 -4.903059 0.3043966 5.5838194 0.9090453 -2.250166 -0.77268094 7.216273 -3.2180488 
5.091625 -0.93952566 0.93248236 -4.9027424 0.30249605 5.582325 0.9080652 -2.2596493 -0.77383834 7.2154512 -3.2263088 
5.0917373 -0.9394432 0.93251 -4.9025617 0.30154577 5.581556 0.90726936 -2.2669423 -0.7744461 7.2146387 -3.2337909 
5.092171 -0.93918556 0.9325771 -4.9020934 0.2993304 5.5801744 0.90662634 -2.272329 -0.7758915 7.2139516 -3.239525 
5.0914435 -0.9394782 0.93186027 -4.9028044 0.30403343 5.582076 0.9109196 -2.2692118 -0.77441585 7.2175217 -3.2374644 
5.0897145 -0.9404773 0.9304412 -4.904525 0.3157864 5.5889 0.9203715 -2.2582517 -0.76898116 7.2251487 -3.2289157 
5.088595 -0.9411247 0.92950064 -4.90564 0.32250145 5.592798 0.92585707 -2.251933 -0.7654751 7.230195 -3.2232802 
5.088035 -0.94144845 0.92902344 -4.9062057 0.32585898 5.594756 0.92939925 -2.247846 -0.76371145 7.233645 -3.219387 
5.087755 -0.9416086 0.9288059 -4.906383 0.32753775 5.595573 0.9291611 -2.2558944 -0.76297015 7.233628 -3.22619 
5.0876155 -0.9416885 0.92869985 -4.9064493 0.32837713 5.5959587 0.9287222 -2.262557 -0.7626293 7.2332044 -3.2330158 
5.0875454 -0.9417283 0.92864877 -4.9064646 0.32879683 5.5961347 0.9282809 -2.2679243 -0.76248246 7.2326765 -3.2393277 
5.087898 -0.9415281 0.9286785 -4.9060845 0.32717344 5.595181 0.9277985 -2.2724411 -0.7635858 7.232117 -3.2445545 
5.088074 -0.94142807 0.9286786 -4.905915 0.32636175 5.594741 0.93307763 -2.267227 -0.7641111 7.235792 -3.2418146 
5.088959 -0.94081753 0.92885965 -4.905033 0.31960493 5.5900536 0.9342741 -2.2709708 -0.76788974 7.2364936 -3.245443 
5.0894017 -0.9405123 0.92894703 -4.904596 0.31622654 5.5877137 0.9356142 -2.2719867 -0.7697742 7.237733 -3.2462327 
5.090539 -0.9396925 0.9292164 -4.903461 0.3064577 5.58066 0.93429434 -2.2805743 -0.7750957 7.2368712 -3.2526412 
5.091108 -0.9392826 0.92934835 -4.902897 0.30157328 5.577136 0.9341939 -2.2842338 -0.7777525 7.2371845 -3.255002 
5.092257 -0.93844485 0.9296251 -4.90175 0.29157463 5.5698442 0.93230206 -2.29362 -0.7832262 7.2359605 -3.261847 
5.092616 -0.9381192 0.9295678 -4.901392 0.2872456 5.5664887 0.9319654 -2.297643 -0.7854783 7.2363663 -3.2641501 
5.092796 -0.937957 0.92949635 -4.9012723 0.2850811 5.5649214 0.93880546 -2.2899618 -0.7865281 7.2414055 -3.2586126 
5.0928855 -0.9378749 0.9294727 -4.9011436 0.28399882 5.5640445 0.9410747 -2.2926812 -0.787142 7.2428265 -3.2621067 
5.09331 -0.937612 0.9295164 -4.9006996 0.28166214 5.5625563 0.9419468 -2.2958364 -0.7886097 7.2432466 -3.2658396 
5.093522 -0.9374806 0.9295243 -4.900496 0.2804938 5.5618443 0.9473066 -2.2908406 -0.7893199 7.2470727 -3.2628782 
5.0943146 -0.93692905 0.9296784 -4.899708 0.27470276 5.557803 0.94884795 -2.2935495 -0.79265153 7.2480664 -3.2656028 
5.0944424 -0.93676984 0.9295156 -4.8995824 0.27276194 5.556197 0.9504712 -2.2939494 -0.7937187 7.249795 -3.265586 
5.093044 -0.93764055 0.9283002 -4.900982 0.28201267 5.562036 0.95920897 -2.2839282 -0.7889905 7.256938 -3.2574804 
5.092104 -0.93821424 0.9274727 -4.901922 0.2873541 5.565367 0.96423197 -2.2782013 -0.7859087 7.2616496 -3.2521796 
5.091304 -0.9387064 0.9267652 -4.9027224 0.29129505 5.567823 0.96787393 -2.2740679 -0.78325677 7.265595 -3.247743 
5.0909038 -0.9389525 0.92640656 -4.903128 0.29326552 5.569056 0.97019064 -2.2714415 -0.7819237 7.2682433 -3.2447622 
5.090704 -0.9390737 0.9262505 -4.903217 0.29425076 5.5694976 0.96917456 -2.2807727 -0.7814053 7.267727 -3.2522814 
5.0910344 -0.9388806 0.92623913 -4.902831 0.29257837 5.5684423 0.9683312 -2.2876034 -0.7824875 7.267116 -3.258317 
5.0911994 -0.9387842 0.92622155 -4.9026537 0.29174218 5.5679417 0.97206616 -2.2855382 -0.7830084 7.2699327 -3.2572186 
5.091282 -0.9387348 0.9262262 -4.9024897 0.29132408 5.567587 0.97266257 -2.291594 -0.78336626 7.270153 -3.263295 
5.0913234 -0.93871 0.92623085 -4.9023876 0.29111502 5.5673904 0.9727025 -2.2968574 -0.783571 7.2699156 -3.2693417 
5.0916843 -0.938503 0.9262796 -4.901996 0.28949168 5.5664244 0.9725153 -2.3010077 -0.784687 7.269555 -3.274139 
5.091865 -0.9383997 0.9262879 -4.9018226 0.28868002 5.565981 0.9783812 -2.2949588 -0.7852169 7.273569 -3.2708197 
5.0926666 -0.93784726 0.9264491 -4.9010243 0.2828364 5.5619326 0.98011374 -2.297372 -0.7885401 7.2746167 -3.273506 
5.0928063 -0.9376845 0.9262968 -4.900886 0.2808557 5.5603175 0.98181987 -2.2976377 -0.78961635 7.276343 -3.2735016 
5.091554 -0.93845993 0.9251874 -4.9021387 0.28898394 5.5654206 0.9898 -2.288652 -0.7853957 7.282944 -3.266158 
5.090928 -0.9388477 0.9246286 -4.9027696 0.29304805 5.5679765 0.994248 -2.2836447 -0.78327936 7.286888 -3.2617638 
5.0906153 -0.9390397 0.92437255 -4.9029713 0.29508013 5.569079 0.9942864 -2.2917788 -0.78236884 7.2870226 -3.2685096 
5.0908766 -0.93888944 0.924309 -4.9026546 0.293997 5.5683928 0.99398154 -2.297945 -0.78321433 7.2867494 -3.2740889 
5.091007 -0.9388144 0.92426515 -4.902512 0.29345542 5.568077 0.9980656 -2.2954345 -0.7836166 7.2897763 -3.272701 
5.091844 -0.93823075 0.9244193 -4.901669 0.2870737 5.563595 0.9987134 -2.30029 -0.7871863 7.290204 -3.2767675 
5.0920186 -0.93804497 0.9242778 -4.9014916 0.28474104 5.5617266 0.9998061 -2.3018596 -0.7884229 7.291548 -3.2775393 
5.090858 -0.93876094 0.92322713 -4.902651 0.29211158 5.5663257 1.0070553 -2.2941077 -0.7845427 7.2976694 -3.2709844 
5.090059 -0.93924475 0.92250144 -4.903449 0.2964336 5.5689917 1.0112635 -2.289595 -0.78194594 7.301776 -3.2665663 
5.089659 -0.93948674 0.92213184 -4.903856 0.29859462 5.5703335 1.0141228 -2.2864637 -0.7806375 7.304705 -3.2633421 
5.090522 -0.93883675 0.92222106 -4.9029965 0.2901177 5.5640693 1.0130876 -2.2944555 -0.78494376 7.3044066 -3.2685664 
5.0909534 -0.9385118 0.9222631 -4.90257 0.28587925 5.5609403 1.0131006 -2.2978494 -0.78709316 7.3049517 -3.2703907 
5.0921216 -0.9376537 0.92252326 -4.901404 0.27531946 5.5532107 1.0109878 -2.307987 -0.79265594 7.3036814 -3.2774477 
5.092498 -0.93731505 0.92246485 -4.901029 0.270697 5.5496316 1.0105276 -2.3123982 -0.7949735 7.3040137 -3.2799094 
5.0926857 -0.93714625 0.9223996 -4.900891 0.26838577 5.547931 1.0160832 -2.3067253 -0.7960698 7.3082404 -3.2756107 
5.0935493 -0.9365213 0.9225411 -4.900052 0.26131296 5.542925 1.0175222 -2.3098059 -0.7998662 7.3093076 -3.2780862 
5.0939813 -0.93620884 0.9226084 -4.8996367 0.25777656 5.5404263 1.0190493 -2.310407 -0.80175936 7.3107576 -3.2782578 
5.0941973 -0.936051 0.92266184 -4.899328 0.25600836 5.5390296 1.0180153 -2.3198533 -0.80283374 7.3099256 -3.2862659 
5.094305 -0.9359719 0.9226909 -4.8991537 0.25512424 5.538312 1.0172433 -2.326774 -0.80339646 7.3091693 -3.2932003 
5.09466 -0.9357601 0.9227444 -4.8987656 0.25342196 5.537231 1.0166941 -2.3314943 -0.80455416 7.3085933 -3.2981968 
5.0935826 -0.9362124 0.9218012 -4.899826 0.26066232 5.5402913 1.0226756 -2.325763 -0.8023235 7.313186 -3.294382 
5.0930443 -0.93643916 0.9212908 -4.9004107 0.2642825 5.5419226 1.0329783 -2.312702 -0.80114007 7.320412 -3.2856016 
5.092775 -0.9365515 0.9210485 -4.900631 0.2660926 5.5426397 1.0368727 -2.3131578 -0.8006394 7.322861 -3.2876794 
5.093 -0.9363971 0.9209792 -4.900381 0.2653262 5.54202 1.0385792 -2.315057 -0.8014729 7.323819 -3.29057 
5.0931125 -0.93631995 0.92093086 -4.9002748 0.264943 5.541742 1.0443065 -2.3094747 -0.80186665 7.327812 -3.2873063 
5.0939064 -0.93576074 0.9210724 -4.899484 0.2590948 5.53761 1.0458988 -2.3123403 -0.8051908 7.328813 -3.2901049 
5.0940394 -0.9355961 0.92090833 -4.8993526 0.2571272 5.5359607 1.0475463 -2.3128164 -0.8062722 7.3304996 -3.290171 
5.094106 -0.93551433 0.92079186 -4.8993335 0.2561434 5.535219 1.0538838 -2.305574 -0.80675435 7.3352246 -3.284938 
5.0949345 -0.9349143 0.9209161 -4.898529 0.24952571 5.53054 1.0556465 -2.3080785 -0.81031674 7.336503 -3.2870443 
5.0953484 -0.9346143 0.92097485 -4.898131 0.24621686 5.528205 1.0572994 -2.3084347 -0.8120931 7.3380213 -3.2870767 
5.096435 -0.9338236 0.92121977 -4.897052 0.23713264 5.5216265 1.0563056 -2.3160427 -0.8169678 7.337439 -3.292567 
5.0967455 -0.93353003 0.92113227 -4.8967457 0.2333545 5.518671 1.0564966 -2.3190827 -0.8188985 7.338193 -3.2941518 
5.0955486 -0.93426293 0.9200318 -4.8979445 0.24056451 5.5231133 1.0637038 -2.3115036 -0.81513816 7.344247 -3.2876806 
5.09495 -0.93462944 0.9194776 -4.898548 0.24416952 5.525338 1.0677236 -2.3072474 -0.8132525 7.347863 -3.2837846 
5.0956545 -0.9340774 0.91945773 -4.8978467 0.23714422 5.5199814 1.0674702 -2.3139472 -0.8169275 7.348056 -3.288138 
5.09579 -0.9338962 0.919252 -4.8977127 0.23431902 5.517604 1.0679649 -2.3166096 -0.8182934 7.3491263 -3.2892368 
5.0958576 -0.93380606 0.91911685 -4.897689 0.23290642 5.51649 1.0731726 -2.3112674 -0.81892276 7.353199 -3.285027 
5.096675 -0.93320876 0.9192281 -4.8968935 0.22624393 5.5117345 1.0744172 -2.3145525 -0.82247955 7.354186 -3.2875214 
5.0970836 -0.93291014 0.91928035 -4.8964996 0.22291268 5.509361 1.0758054 -2.3153048 -0.82425314 7.3555446 -3.2877624 
5.098142 -0.93213856 0.91951334 -4.8954487 0.21417478 5.503022 1.074787 -2.3227532 -0.8289566 7.354955 -3.2931223 
5.098427 -0.93185955 0.91941065 -4.8951674 0.21062286 5.50021 1.0750104 -2.3256602 -0.8307847 7.3557353 -3.2946036 
5.0985694 -0.93172055 0.9193251 -4.895073 0.20884691 5.4988837 1.0803825 -2.3199966 -0.8316423 7.359834 -3.2903264 
5.0986404 -0.93164986 0.91929835 -4.894941 0.20795894 5.498104 1.081543 -2.3252578 -0.83217466 7.3605285 -3.2953758 
5.099004 -0.9314211 0.9193301 -4.894547 0.20609128 5.4968743 1.0819271 -2.329312 -0.83340156 7.3606515 -3.2995293 
5.0980453 -0.9318148 0.91845614 -4.89549 0.2121414 5.4993715 1.08757 -2.3243551 -0.8315472 7.365035 -3.2960682 
5.095956 -0.9330154 0.9167854 -4.897572 0.22604622 5.507403 1.0987281 -2.310997 -0.82547826 7.3735466 -3.2860901 
5.094911 -0.93361574 0.9159454 -4.898618 0.23299864 5.5114236 1.1048472 -2.303702 -0.8224373 7.3784814 -3.2803268 
5.095446 -0.9331448 0.9157983 -4.898084 0.2272726 5.5067215 1.1055313 -2.3092568 -0.82566744 7.3792677 -3.2839577 
5.0955 -0.93300307 0.91553205 -4.8980308 0.22509469 5.504671 1.1064914 -2.3113492 -0.8268217 7.3806086 -3.2847223 
5.0955267 -0.9329326 0.9153704 -4.898042 0.22400574 5.50371 1.1112752 -2.3066604 -0.82735234 7.3843927 -3.2809556 
5.0963945 -0.9322946 0.9154893 -4.8971934 0.21688621 5.49859 1.11213 -2.3108912 -0.83112496 7.385123 -3.284043 
5.0968285 -0.9319756 0.9155456 -4.896773 0.21332644 5.496034 1.1132641 -2.3121862 -0.83300686 7.38629 -3.2846553 
5.0979724 -0.93114114 0.91580296 -4.8956356 0.20382015 5.4891315 1.111921 -2.3205602 -0.8380396 7.385484 -3.2905822 
5.0983067 -0.93082815 0.91571844 -4.8953047 0.19986041 5.4860277 1.1119603 -2.3239539 -0.8400507 7.386115 -3.2923923 
5.097144 -0.93153495 0.91463685 -4.896469 0.20664205 5.4901643 1.1188285 -2.316889 -0.8365435 7.3918633 -3.2863467 
5.09633 -0.93202263 0.91388404 -4.897284 0.21071422 5.4926257 1.1228836 -2.3126752 -0.83413225 7.395776 -3.2821844 
5.095609 -0.93246156 0.91322803 -4.8980055 0.21390866 5.494576 1.125942 -2.30941 -0.8319329 7.399156 -3.278503 
5.095017 -0.9328216 0.912689 -4.898598 0.21621026 5.495978 1.1281126 -2.307073 -0.8301256 7.4019094 -3.2754948 
5.094721 -0.93300164 0.91241497 -4.8988996 0.21736106 5.4966836 1.1296209 -2.305427 -0.8292157 7.4038525 -3.2733514 
5.0945725 -0.93308926 0.91231066 -4.8989034 0.21793646 5.4968057 1.1272266 -2.3187587 -0.8289411 7.402365 -3.2833333 
5.0948763 -0.9329083 0.912314 -4.898527 0.21647099 5.495824 1.1257722 -2.3271778 -0.8299287 7.401344 -3.2902157 
5.0950284 -0.9328179 0.91230357 -4.898355 0.21573825 5.49536 1.129191 -2.3258698 -0.83040303 7.4038324 -3.2896657 
5.095104 -0.9327714 0.9123151 -4.898181 0.21537189 5.495005 1.1292965 -2.3336616 -0.8307479 7.4036684 -3.2968054 
5.0954795 -0.9325498 0.9123677 -4.8977566 0.21370398 5.4939547 1.129143 -2.3390422 -0.83190626 7.4033537 -3.3020513 
5.0945783 -0.9329227 0.91154504 -4.8986335 0.21961536 5.4964256 1.1343248 -2.3349872 -0.83013004 7.40733 -3.299372 
5.09267 -0.93401384 0.9100107 -4.9005294 0.23234275 5.5037255 1.1444438 -2.3231878 -0.82461345 7.415064 -3.2905743 
5.0914626 -0.93470573 0.90901536 -4.9017305 0.23954052 5.5078573 1.1502546 -2.3164542 -0.8211277 7.420065 -3.2849164 
5.0905843 -0.93522066 0.9082718 -4.902606 0.24412595 5.51053 1.1540428 -2.312101 -0.81851566 7.42383 -3.2806742 
5.090145 -0.93547815 0.90789616 -4.903048 0.24641865 5.5118704 1.1563032 -2.3095136 -0.8172043 7.426224 -3.2779796 
5.0912194 -0.93466413 0.90806127 -4.901975 0.23576723 5.5039434 1.1542147 -2.3200176 -0.82238406 7.4252367 -3.2846403 
5.0917563 -0.93425715 0.90814155 -4.9014416 0.23044151 5.4999824 1.1536243 -2.3247547 -0.8249708 7.4253273 -3.2873075 
5.092025 -0.93405145 0.9082111 -4.901039 0.22777866 5.4977913 1.150507 -2.3401117 -0.8264309 7.4231377 -3.2989264 
5.0921593 -0.9339484 0.90824854 -4.900816 0.22644722 5.4966745 1.1486653 -2.3501658 -0.82718796 7.4216795 -3.3077862 
5.092514 -0.9337323 0.90830344 -4.900417 0.22462192 5.4954524 1.1475986 -2.3563526 -0.82837933 7.4207716 -3.3136365 
5.0926914 -0.9336243 0.9083131 -4.900242 0.22370927 5.4948864 1.1537265 -2.3501647 -0.828945 7.4247484 -3.3103886 
5.0934815 -0.93308043 0.9084715 -4.8994527 0.21815106 5.49104 1.1556733 -2.3521726 -0.832034 7.425857 -3.3127825 
5.093576 -0.93293935 0.9082876 -4.8993587 0.21655759 5.4896336 1.1576852 -2.351991 -0.83293855 7.4276977 -3.3125107 
5.092328 -0.9337002 0.90718424 -4.900607 0.22436073 5.49445 1.1654058 -2.3433 -0.8290491 7.4339 -3.3056102 
5.0914807 -0.9342088 0.90642947 -4.9014544 0.22893058 5.4972425 1.1698744 -2.3382864 -0.8264716 7.4380035 -3.3010588 
5.0910573 -0.9344632 0.9060464 -4.9018846 0.2312155 5.4986453 1.1727082 -2.3350892 -0.8251749 7.4407597 -3.2979717 
5.0908456 -0.9345882 0.9058849 -4.901963 0.23235796 5.499132 1.1711498 -2.3469846 -0.8246945 7.439811 -3.3069801 
5.0907397 -0.9346505 0.9058068 -4.901981 0.2329292 5.499355 1.1700903 -2.3552868 -0.82448107 7.4389777 -3.3145013 
5.090687 -0.93468153 0.90576935 -4.9019737 0.23321481 5.4994526 1.1693913 -2.3610854 -0.8243939 7.438314 -3.3206646 
5.09066 -0.9346969 0.9057521 -4.901955 0.23335762 5.4994893 1.1688879 -2.3655221 -0.8243688 7.4377527 -3.326041 
5.090915 -0.93455225 0.9057763 -4.901677 0.23237002 5.4989066 1.1685066 -2.3687994 -0.8251091 7.4373097 -3.3300557 
5.089597 -0.93511975 0.90469664 -4.9029837 0.24163496 5.502935 1.1756873 -2.3606794 -0.82233626 7.4424515 -3.3249626 
5.087496 -0.93628645 0.9030469 -4.9050794 0.25602314 5.5109205 1.1867837 -2.3468637 -0.8164278 7.4507065 -3.3150282 
5.086197 -0.9370125 0.9019989 -4.9063754 0.26405224 5.5153937 1.1930832 -2.3391209 -0.8127581 7.455953 -3.3088176 
5.085293 -0.9375311 0.9012463 -4.907278 0.26896894 5.518182 1.1970428 -2.3343472 -0.81011766 7.4597597 -3.3043942 
5.084841 -0.93779045 0.9008663 -4.9077334 0.2714273 5.5195794 1.1993825 -2.331557 -0.80879223 7.4621644 -3.3016205 
5.0860257 -0.9368963 0.901073 -4.90655 0.259444 5.510692 1.1968381 -2.3433745 -0.81448627 7.4609036 -3.308995 
5.0866184 -0.9364493 0.901174 -4.905961 0.25345236 5.506251 1.1960297 -2.348756 -0.81733006 7.460861 -3.3120139 
5.088073 -0.9353863 0.90153223 -4.9045086 0.24011333 5.496532 1.192877 -2.3617902 -0.8239029 7.458952 -3.3206286 
5.0888 -0.9348548 0.90170884 -4.903785 0.23344381 5.4916754 1.1918318 -2.3676999 -0.8271858 7.4586453 -3.324195 
5.0891633 -0.93458706 0.9018236 -4.9033 0.23010905 5.4890566 1.1887559 -2.3825722 -0.828979 7.4564586 -3.3354692 
5.0896697 -0.93426174 0.9019266 -4.902733 0.22698325 5.4868865 1.1870128 -2.3914666 -0.8308305 7.4551377 -3.3427248 
5.0887866 -0.93460006 0.9010969 -4.9035854 0.23261993 5.488976 1.1917249 -2.3887143 -0.8293102 7.45878 -3.3408048 
5.0868173 -0.93571 0.8995112 -4.9055395 0.24583456 5.4964232 1.202049 -2.376942 -0.82375485 7.4665685 -3.3320584 
5.085573 -0.93641365 0.8984854 -4.906776 0.25332215 5.5006514 1.2080016 -2.3701754 -0.82023954 7.4716187 -3.3263981 
5.0849514 -0.93676555 0.8979669 -4.9074006 0.25706595 5.5027723 1.2116005 -2.3660731 -0.81847394 7.474862 -3.3227384 
5.0846405 -0.9369395 0.89773625 -4.907583 0.25893787 5.503626 1.2104974 -2.3771973 -0.8177522 7.474223 -3.3311698 
5.0848393 -0.9368177 0.8976727 -4.90732 0.25820452 5.5030694 1.2097019 -2.3844287 -0.8184456 7.4736423 -3.3371754 
5.0849385 -0.9367569 0.8976273 -4.907207 0.25783786 5.502824 1.214313 -2.3812544 -0.8187697 7.4768157 -3.3354828 
5.0857925 -0.9361656 0.8977906 -4.9063463 0.25146616 5.498385 1.2151873 -2.3858557 -0.82217866 7.4773254 -3.3392918 
5.085947 -0.93598807 0.8976329 -4.9061885 0.24935374 5.496631 1.2165679 -2.3870828 -0.82329804 7.4787655 -3.3398478 
5.084897 -0.93661743 0.8966651 -4.9072366 0.25568005 5.5004573 1.22308 -2.3803139 -0.8200855 7.484155 -3.3342044 
5.084372 -0.93693215 0.8961777 -4.9077644 0.2588432 5.5023737 1.2267213 -2.3764966 -0.8184745 7.487375 -3.3307931 
5.0853477 -0.9361925 0.89627165 -4.9067903 0.24917272 5.495181 1.2254738 -2.38584 -0.8231581 7.4869184 -3.3366652 
5.0858355 -0.9358227 0.8963161 -4.9063063 0.24433747 5.4915876 1.2253872 -2.3898964 -0.8254963 7.487338 -3.3388593 
5.0860796 -0.93563586 0.89636457 -4.905942 0.24191985 5.489601 1.2227654 -2.4039059 -0.82681566 7.485509 -3.3494308 
5.08652 -0.9353548 0.8964336 -4.9054413 0.23927262 5.487761 1.2212526 -2.412349 -0.8284124 7.4843707 -3.3563085 
5.085602 -0.93571466 0.89558727 -4.9063296 0.24526437 5.4900556 1.226155 -2.4092553 -0.8267589 7.488118 -3.3541672 
5.0851426 -0.935895 0.8951305 -4.9068203 0.24826024 5.491288 1.2349666 -2.398892 -0.8258753 7.4942183 -3.347238 
5.0857086 -0.9354338 0.8950854 -4.90627 0.24374087 5.4877334 1.2379864 -2.3997276 -0.8285728 7.4962254 -3.3483024 
5.0856986 -0.9353305 0.89480686 -4.906288 0.24267225 5.4864736 1.2405368 -2.3989544 -0.8292961 7.498486 -3.3473957 
5.084556 -0.93600124 0.8937715 -4.9074345 0.24955419 5.4905543 1.2476553 -2.3911514 -0.8258986 7.504279 -3.3410242 
5.0837784 -0.93645465 0.8930655 -4.908214 0.25361523 5.492949 1.2517796 -2.3866298 -0.8236162 7.5081067 -3.3368168 
5.0833893 -0.93668145 0.8927073 -4.90861 0.25564575 5.4941525 1.2544109 -2.383714 -0.8224676 7.5106864 -3.333947 
5.0831947 -0.93679273 0.8925585 -4.9086723 0.25666103 5.494536 1.2525918 -2.3962295 -0.8220606 7.5095778 -3.343204 
5.0830975 -0.93684816 0.89248645 -4.908684 0.25716865 5.4947085 1.2514348 -2.4046183 -0.8218814 7.5087023 -3.3505964 
5.0833163 -0.9367241 0.89248365 -4.908422 0.2563393 5.4941807 1.2507218 -2.409896 -0.8225441 7.5081 -3.3556192 
5.082029 -0.9372753 0.8914296 -4.909688 0.26554292 5.4981384 1.2576125 -2.4029164 -0.81984824 7.5129952 -3.351234 
5.081385 -0.93755126 0.89087164 -4.9103637 0.27014473 5.500197 1.2671148 -2.391046 -0.8184476 7.519466 -3.3434749 
5.0819817 -0.93705446 0.890813 -4.9097834 0.26523587 5.4962425 1.270136 -2.3923206 -0.82138157 7.5214396 -3.344853 
5.0822797 -0.9368061 0.89078027 -4.9094973 0.26278144 5.49427 1.2724948 -2.3919566 -0.8228437 7.523297 -3.3445144 
5.082429 -0.93668 0.8907898 -4.9092345 0.2615542 5.493095 1.2710222 -2.4040408 -0.82372266 7.5221453 -3.3539665 
5.0828395 -0.9364199 0.8908429 -4.908767 0.25938243 5.491593 1.2700617 -2.4116411 -0.82514906 7.5213275 -3.360374 
5.082019 -0.9367396 0.8900714 -4.9095592 0.26485664 5.493718 1.274685 -2.4088812 -0.82364833 7.5248466 -3.3585284 
5.0816083 -0.9368999 0.88965625 -4.9099956 0.26759374 5.4948545 1.2825307 -2.3999143 -0.8228485 7.530332 -3.352497 
5.0814033 -0.9369789 0.88946515 -4.9101295 0.2689623 5.4953 1.2847059 -2.4043453 -0.82255214 7.5316024 -3.3569927 
5.0813007 -0.9370182 0.8893716 -4.9101787 0.26964656 5.4955063 1.2855824 -2.408456 -0.8224258 7.5319543 -3.3617833 
5.0815163 -0.9368871 0.88935804 -4.9099364 0.26890337 5.494996 1.2858853 -2.4115968 -0.8231086 7.5319657 -3.3654985 
5.0802636 -0.9374182 0.8883246 -4.9111757 0.27789518 5.4988475 1.2931023 -2.4038038 -0.8205059 7.537037 -3.3606431 
5.079637 -0.9376842 0.8877791 -4.911835 0.28239107 5.500846 1.3023089 -2.3922157 -0.8191559 7.543322 -3.3530638 
5.079324 -0.93781596 0.8875236 -4.9120784 0.28463903 5.501716 1.3050423 -2.3958173 -0.8185881 7.5449095 -3.3570874 
5.0791674 -0.9378817 0.8873979 -4.912182 0.285763 5.5021343 1.3061864 -2.3995876 -0.8183266 7.5454087 -3.3617039 
5.079369 -0.9377564 0.8873709 -4.9119534 0.2851522 5.5016813 1.3066084 -2.4026456 -0.81898195 7.5454803 -3.3654048 
5.078236 -0.9382345 0.8864191 -4.913073 0.2932589 5.5051413 1.3132163 -2.3957624 -0.81662774 7.55017 -3.3611355 
5.0776696 -0.9384739 0.8859169 -4.9136686 0.29731226 5.5069366 1.3215886 -2.3854165 -0.81540626 7.5559535 -3.3543162 
5.0785084 -0.9378182 0.8859532 -4.9128447 0.29005915 5.5014205 1.3233973 -2.3895233 -0.8192498 7.557194 -3.3573515 
5.078701 -0.9375893 0.88577086 -4.912659 0.28729635 5.4990396 1.3250661 -2.390713 -0.820681 7.5588093 -3.3577452 
5.0780373 -0.9379551 0.88506186 -4.9133263 0.29049057 5.500741 1.3296205 -2.386732 -0.8188802 7.562854 -3.3539605 
5.0777054 -0.938138 0.8847045 -4.913663 0.29208767 5.5015945 1.3321965 -2.384409 -0.8179759 7.5653057 -3.3515894 
5.0775394 -0.9382269 0.88456565 -4.9136662 0.29288623 5.501737 1.3291554 -2.4011545 -0.81772864 7.5634103 -3.3633168 
5.0774565 -0.9382711 0.8844987 -4.9136477 0.2932855 5.501788 1.3273629 -2.4117942 -0.81763023 7.562122 -3.372019 
5.0776944 -0.9381354 0.8845013 -4.913359 0.29230437 5.5011463 1.3263143 -2.418295 -0.8183665 7.5612984 -3.3777604 
5.077813 -0.9380677 0.8844833 -4.9132423 0.2918138 5.500879 1.3335385 -2.4105213 -0.818701 7.5657935 -3.3736498 
5.078773 -0.9374162 0.88469 -4.9122834 0.2845312 5.495917 1.3354645 -2.4136717 -0.82237077 7.5668178 -3.3767 
5.0789924 -0.9372036 0.88456494 -4.9120646 0.28194475 5.493894 1.3373522 -2.4141922 -0.8236458 7.5684605 -3.3769355 
5.078251 -0.9376341 0.8838162 -4.912806 0.28589755 5.4961915 1.3425256 -2.4092064 -0.8214846 7.572859 -3.3726163 
5.0778804 -0.9378494 0.88343877 -4.9131804 0.28787395 5.497343 1.3454367 -2.4063509 -0.8203999 7.575513 -3.3699484 
5.077695 -0.9379546 0.8832875 -4.913211 0.28886214 5.4976516 1.3428527 -2.421814 -0.8200514 7.5739093 -3.3808682 
5.0776024 -0.938007 0.8832141 -4.913207 0.28935623 5.497787 1.3413125 -2.4316525 -0.8199009 7.572792 -3.3890054 
5.077556 -0.9380331 0.8831787 -4.913192 0.2896033 5.497844 1.3404119 -2.4379103 -0.81984174 7.5720377 -3.3950822 
5.077779 -0.9379083 0.88319105 -4.912938 0.28873867 5.4973187 1.339841 -2.4420273 -0.8204949 7.5715117 -3.3993387 
5.076428 -0.9384851 0.88210243 -4.9142737 0.2986292 5.501568 1.3472832 -2.433763 -0.81765515 7.576672 -3.3942225 
5.0757523 -0.9387739 0.8815293 -4.9149814 0.30357447 5.503766 1.3567396 -2.4217417 -0.81618625 7.583066 -3.3864183 
5.076463 -0.93819636 0.8815084 -4.9142866 0.2974534 5.498949 1.35929 -2.4243248 -0.8195755 7.584745 -3.3885062 
5.0765767 -0.93801296 0.88128465 -4.914181 0.2953474 5.496956 1.3614062 -2.4246619 -0.820747 7.586643 -3.3883483 
5.0758533 -0.9384124 0.88053936 -4.914909 0.29901496 5.4989314 1.3662974 -2.4201097 -0.8187665 7.590902 -3.3841937 
5.075325 -0.9387072 0.8800134 -4.915439 0.30130923 5.500182 1.3691669 -2.4173732 -0.81730247 7.5937953 -3.3812864 
5.075061 -0.93885463 0.8797462 -4.915709 0.30245638 5.5008125 1.371047 -2.4154983 -0.81656444 7.5957932 -3.3792055 
5.07661 -0.93772495 0.8801141 -4.9141626 0.28693908 5.48961 1.3671871 -2.4306517 -0.8234395 7.5937734 -3.3882854 
5.0773845 -0.93716013 0.8802956 -4.9133925 0.27918044 5.484012 1.3657866 -2.4376204 -0.82687354 7.5933824 -3.3921144 
5.0791006 -0.935926 0.8807588 -4.911679 0.2631883 5.4725375 1.3616904 -2.4532175 -0.8342535 7.59097 -3.4019356 
5.0799584 -0.935309 0.8809877 -4.9108253 0.25519225 5.4668036 1.3602642 -2.4602962 -0.8379396 7.590461 -3.4060395 
5.0815063 -0.9341992 0.8814022 -4.90928 0.2414078 5.4569273 1.3569263 -2.4736218 -0.8444874 7.588444 -3.4146605 
5.0820284 -0.9337539 0.88138664 -4.9087586 0.23545264 5.4523973 1.3560866 -2.4793477 -0.8472335 7.588509 -3.4177582 
5.0822897 -0.93353164 0.8813518 -4.908534 0.23247506 5.450194 1.3600014 -2.4764242 -0.84856343 7.591581 -3.4152498 
5.083221 -0.9328638 0.8815245 -4.907621 0.22486636 5.444838 1.3605064 -2.4810824 -0.8523241 7.5920596 -3.4184492 
5.083687 -0.93252987 0.8816067 -4.9071693 0.221062 5.4421663 1.3618369 -2.4821215 -0.85419863 7.5933332 -3.4188116 
5.0839195 -0.9323613 0.88167 -4.9068384 0.21915983 5.4406724 1.3602993 -2.4930751 -0.85526085 7.5922284 -3.4272435 
5.0842824 -0.93213266 0.88173354 -4.906427 0.21719205 5.439329 1.3593988 -2.4995687 -0.856488 7.591522 -3.4326465 
5.0828238 -0.93273467 0.88053983 -4.907861 0.22737305 5.4435334 1.3672904 -2.4916506 -0.8537017 7.5969853 -3.4275632 
5.082094 -0.93303615 0.8799062 -4.90863 0.23246354 5.4457307 1.3784441 -2.4775743 -0.8522475 7.604348 -3.4185212 
5.0817294 -0.9331859 0.8796034 -4.908941 0.23500879 5.4467263 1.3825679 -2.4781487 -0.8516079 7.6067924 -3.420482 
5.0817995 -0.933114 0.8794847 -4.9088435 0.23523702 5.446617 1.3844945 -2.4794803 -0.85199624 7.6078568 -3.4226804 
5.080328 -0.9337355 0.8782949 -4.910301 0.2455925 5.451032 1.3931437 -2.4699047 -0.849053 7.6137834 -3.4165912 
5.079592 -0.9340466 0.8776683 -4.911074 0.25077024 5.4533195 1.403587 -2.4566426 -0.84752935 7.6207514 -3.4080007 
5.0801153 -0.9335887 0.87757075 -4.9105697 0.24650356 5.449743 1.407149 -2.4568672 -0.85014343 7.6230483 -3.4086082 
5.080075 -0.9334911 0.87725985 -4.9106193 0.245633 5.448504 1.410026 -2.4557166 -0.85082155 7.625451 -3.4074667 
5.0800548 -0.93344265 0.8770819 -4.910674 0.24519773 5.447934 1.4150726 -2.4503782 -0.85112524 7.6292286 -3.4034953 
5.0810738 -0.93270326 0.87725437 -4.9096727 0.23673123 5.4419155 1.4154994 -2.455958 -0.85524184 7.6296678 -3.4072137 
5.0813 -0.9324574 0.8770933 -4.9094553 0.23364154 5.439406 1.4167106 -2.4576042 -0.85671157 7.631063 -3.4077256 
5.0804553 -0.93293697 0.8762467 -4.910304 0.2379385 5.441828 1.4219915 -2.4525855 -0.8544313 7.6355944 -3.403191 
5.0800333 -0.93317676 0.8758202 -4.910732 0.24008697 5.443042 1.424963 -2.449705 -0.853287 7.63831 -3.4004195 
5.081315 -0.9322225 0.8760403 -4.909453 0.22751692 5.4338293 1.4224882 -2.4619088 -0.8589549 7.637151 -3.4077044 
5.081956 -0.93174535 0.8761476 -4.908817 0.2212319 5.4292264 1.42182 -2.467353 -0.8617853 7.6372113 -3.410607 
5.0822763 -0.93150467 0.8762331 -4.9083605 0.21808939 5.426705 1.4182118 -2.4843352 -0.8633635 7.634818 -3.4226139 
5.0824366 -0.93138415 0.87627774 -4.908115 0.21651813 5.4254284 1.4162124 -2.494576 -0.864173 7.6333632 -3.4309294 
5.0825167 -0.9313238 0.87630117 -4.90798 0.2157325 5.4247813 1.4151103 -2.5008087 -0.8645917 7.6324754 -3.4368305 
5.0827465 -0.931187 0.8763334 -4.9077225 0.21468362 5.4240894 1.4144884 -2.5045812 -0.8653022 7.631935 -3.4406734 
5.0804415 -0.9321761 0.8746245 -4.9100137 0.23191828 5.4315042 1.4268366 -2.4887083 -0.8606898 7.639768 -3.4312274 
5.0775986 -0.9336772 0.8724911 -4.91285 0.25200742 5.4420424 1.4416898 -2.4693 -0.853529 7.6498528 -3.4183514 
5.075918 -0.9345744 0.8711936 -4.9145265 0.26296008 5.4478264 1.4499267 -2.4586878 -0.8492487 7.655997 -3.4106789 
5.075078 -0.93502307 0.8705403 -4.91537 0.2684364 5.4507236 1.4545333 -2.4528222 -0.84710246 7.6596417 -3.4061856 
5.076301 -0.93407565 0.8707007 -4.9141483 0.25602943 5.441372 1.4523479 -2.4650345 -0.85279065 7.658654 -3.4134204 
5.0767026 -0.9336941 0.87059367 -4.913748 0.2505697 5.4370227 1.4519179 -2.470397 -0.8551957 7.659052 -3.4160373 
5.0760984 -0.93400973 0.8698871 -4.9143524 0.25256503 5.4378214 1.4555374 -2.468353 -0.8538602 7.6625237 -3.4133124 
5.0756164 -0.93427 0.86936903 -4.9148345 0.25407034 5.43851 1.4578122 -2.4668233 -0.8527029 7.665047 -3.4110904 
5.075152 -0.9345354 0.86890835 -4.915299 0.2555661 5.4393034 1.4596199 -2.4653153 -0.85146105 7.6672983 -3.4088826 
5.0747414 -0.93477386 0.8685146 -4.9157095 0.25682324 5.4400024 1.4609904 -2.4640522 -0.850325 7.6692195 -3.4069107 
5.074536 -0.93489313 0.8683143 -4.9159184 0.25745183 5.4403553 1.4619972 -2.46306 -0.8497525 7.6706123 -3.4054394 
5.0744333 -0.9349501 0.86825687 -4.9158506 0.25776613 5.4402375 1.4577943 -2.4815466 -0.8496721 7.6680183 -3.4179764 
5.074382 -0.9349784 0.8682303 -4.915798 0.25792328 5.440161 1.4554688 -2.4927304 -0.8496539 7.6664352 -3.426722 
5.074578 -0.93486786 0.86824304 -4.91555 0.25715998 5.4396496 1.4542073 -2.499164 -0.85024124 7.665519 -3.4321556 
5.074676 -0.9348128 0.8682234 -4.915465 0.25677833 5.4394703 1.4643936 -2.4863522 -0.8504894 7.671492 -3.4253428 
5.0754943 -0.93426424 0.8683896 -4.914653 0.25098678 5.4355884 1.4682056 -2.4855468 -0.85341555 7.673532 -3.4260745 
5.075563 -0.93413717 0.86818117 -4.9145875 0.24963002 5.4343123 1.4714289 -2.4836051 -0.85417575 7.6759443 -3.424814 
5.0755973 -0.9340739 0.8680548 -4.914584 0.24895163 5.4337234 1.4766868 -2.4778032 -0.85452116 7.6797166 -3.4207833 
5.0756145 -0.9340409 0.8680131 -4.9144816 0.24861243 5.433275 1.4769435 -2.4860475 -0.85481346 7.679759 -3.4274297 
5.075901 -0.9338625 0.8680301 -4.9141526 0.24723548 5.432348 1.4769075 -2.4913769 -0.85573846 7.6795983 -3.43209 
5.0747027 -0.934356 0.8670268 -4.9153295 0.25563046 5.4358296 1.4837403 -2.4849582 -0.85342956 7.68433 -3.4280398 
5.072891 -0.93533057 0.86558276 -4.91713 0.26769975 5.4422975 1.4932766 -2.473877 -0.84872 7.6912985 -3.4200943 
5.0719857 -0.9358179 0.8648572 -4.9180346 0.2737344 5.445535 1.4984825 -2.4678366 -0.8463604 7.695307 -3.4155233 
5.073303 -0.9348016 0.8650292 -4.9167166 0.26021057 5.435381 1.496088 -2.4813576 -0.85243696 7.694231 -3.4234328 
5.0739617 -0.93429345 0.86511266 -4.9160604 0.25344867 5.430307 1.4954573 -2.4874616 -0.85547173 7.6943154 -3.4266665 
5.075721 -0.93302304 0.86556256 -4.914303 0.23730403 5.418696 1.4914975 -2.5032773 -0.86276996 7.6920357 -3.436415 
5.0763607 -0.93249243 0.86557615 -4.9136634 0.23013511 5.413285 1.4903145 -2.5102818 -0.8659261 7.6918917 -3.44016 
5.0766807 -0.93222743 0.8655621 -4.913371 0.22655065 5.4106236 1.4929844 -2.5095084 -0.86747223 7.694163 -3.4389606 
5.0768404 -0.93209356 0.865576 -4.913126 0.22475842 5.4091444 1.4920516 -2.5198321 -0.8683611 7.6935325 -3.4467013 
5.0769205 -0.9320265 0.8655847 -4.9129877 0.2238623 5.4083915 1.4914231 -2.5265183 -0.8688236 7.6929955 -3.4526565 
5.0769606 -0.9319929 0.86559 -4.9129076 0.22341424 5.408007 1.4910177 -2.5308821 -0.8690677 7.6925817 -3.4572644 
5.077162 -0.9318748 0.86561185 -4.9126863 0.22257277 5.40747 1.4907495 -2.5336814 -0.8696623 7.6922846 -3.4604146 
5.074663 -0.932945 0.86379313 -4.915175 0.24165854 5.4156756 1.504345 -2.5155745 -0.86467475 7.700699 -3.449824 
5.073414 -0.9334805 0.8628505 -4.916466 0.25120142 5.419865 1.518064 -2.4967744 -0.86212623 7.709272 -3.4383805 
5.072789 -0.9337471 0.86239624 -4.9170275 0.25597286 5.4218364 1.5230318 -2.4967146 -0.8609512 7.7120395 -3.44016 
5.072477 -0.93388027 0.8621708 -4.9172926 0.2583586 5.422808 1.5253445 -2.4982772 -0.860382 7.713192 -3.443202 
5.072536 -0.93382645 0.8620831 -4.9172096 0.25874797 5.4228444 1.5264075 -2.499862 -0.8606655 7.71365 -3.445738 
5.0706716 -0.9346208 0.8606653 -4.919062 0.2727123 5.428833 1.536927 -2.4868846 -0.85692185 7.7203794 -3.4380453 
5.06857 -0.9357097 0.8590467 -4.921158 0.2872229 5.436281 1.5480446 -2.4728675 -0.8517089 7.728138 -3.4285512 
5.067519 -0.9362542 0.8582339 -4.9222097 0.29447818 5.440009 1.5540305 -2.465371 -0.8490977 7.7325234 -3.4232259 
5.0669937 -0.9365237 0.8578751 -4.9225507 0.29810584 5.4415464 1.5514567 -2.4832754 -0.84801334 7.730947 -3.4352245 
5.066731 -0.93665826 0.85769796 -4.9227023 0.29991966 5.442297 1.5499238 -2.4942958 -0.84749377 7.729855 -3.4437761 
5.0668387 -0.9365919 0.85763884 -4.922539 0.29987103 5.4421377 1.5490395 -2.5007615 -0.8478735 7.729168 -3.4491956 
5.0668926 -0.93655896 0.8575846 -4.922494 0.2998467 5.4421315 1.5589882 -2.4886122 -0.8480201 7.7349577 -3.442826 
5.0669193 -0.9365415 0.8575721 -4.922397 0.29983455 5.44202 1.5622963 -2.4910257 -0.8481822 7.736487 -3.4465969 
5.0669327 -0.9365327 0.8575674 -4.9223332 0.29982847 5.441951 1.5637788 -2.4938254 -0.8482814 7.737021 -3.4506254 
5.06717 -0.93639964 0.8575931 -4.9220705 0.2989154 5.441409 1.5644096 -2.4961355 -0.8489454 7.737154 -3.4537427 
5.0656824 -0.93702775 0.856424 -4.923546 0.31006202 5.4461546 1.573261 -2.4856873 -0.84594345 7.7428937 -3.4475896 
5.0639973 -0.93789786 0.8550941 -4.925225 0.32150832 5.451997 1.5823374 -2.47459 -0.84172374 7.749408 -3.439911 
5.0631547 -0.9383329 0.85442597 -4.926068 0.32723147 5.4549212 1.5872527 -2.4686134 -0.8396096 7.753128 -3.4355454 
5.0652566 -0.9367659 0.8549297 -4.923966 0.30513528 5.4387326 1.5814238 -2.4905827 -0.84881747 7.7501693 -3.4478772 
5.066137 -0.9360578 0.8550279 -4.923086 0.29466215 5.430892 1.5790261 -2.5009925 -0.8530612 7.749424 -3.453226 
5.0660167 -0.93605226 0.8546104 -4.9232063 0.29243505 5.428844 1.5803345 -2.503188 -0.85344505 7.7513785 -3.4531074 
5.0658073 -0.93613434 0.8542636 -4.923416 0.2917148 5.4280434 1.5813518 -2.5038924 -0.8532317 7.7530146 -3.4523342 
5.0657024 -0.9361754 0.8540867 -4.923525 0.29135466 5.4276466 1.5822147 -2.503844 -0.8531204 7.7542806 -3.4514413 
5.067752 -0.9347063 0.854667 -4.9214773 0.27109808 5.4132204 1.5762587 -2.5238962 -0.86152273 7.7511163 -3.4629297 
5.0685706 -0.9340622 0.8547739 -4.9206595 0.26171 5.4063325 1.573939 -2.5331821 -0.8652974 7.7503977 -3.4677029 
5.0682564 -0.9341901 0.8542355 -4.9209743 0.26111814 5.40544 1.5761349 -2.5337229 -0.86497307 7.7529473 -3.4665334 
5.0680995 -0.9342541 0.8539634 -4.921135 0.2608222 5.4049964 1.5775392 -2.5336502 -0.8648071 7.7546344 -3.465487 
5.068021 -0.93428344 0.85387117 -4.921042 0.26067424 5.4044766 1.5733001 -2.5531278 -0.86492735 7.752108 -3.4782715 
5.0682535 -0.93413854 0.8538633 -4.9207234 0.25938636 5.403505 1.5710101 -2.5640805 -0.86574805 7.750663 -3.4859607 
5.06837 -0.93406624 0.85383844 -4.920594 0.25874242 5.403076 1.5782868 -2.5574443 -0.8661235 7.755069 -3.482429 
5.069222 -0.93349314 0.8540132 -4.919736 0.25256893 5.3989043 1.5805452 -2.5599778 -0.8691431 7.756284 -3.4848504 
5.0692635 -0.933372 0.8537748 -4.919691 0.25128844 5.397596 1.5832056 -2.5594382 -0.8698766 7.7584214 -3.484257 
5.0692844 -0.93331176 0.8536327 -4.919699 0.2506482 5.3969927 1.5883986 -2.5540268 -0.870208 7.7621546 -3.4804137 
5.069295 -0.93328035 0.8535817 -4.9196086 0.25032806 5.396548 1.5887443 -2.5618875 -0.87048376 7.7622914 -3.4866123 
5.0695357 -0.93312824 0.8535869 -4.9193277 0.24919258 5.3957605 1.5887902 -2.5667932 -0.8712645 7.762215 -3.4908218 
5.069656 -0.93305236 0.8535654 -4.919223 0.24862485 5.395436 1.5987071 -2.554745 -0.8716141 7.7680573 -3.4843085 
5.07049 -0.93249255 0.85373515 -4.9183965 0.24272358 5.3914847 1.602355 -2.5543382 -0.87451565 7.7700353 -3.4850948 
5.070513 -0.93238246 0.853487 -4.9183774 0.24163899 5.3903136 1.6057564 -2.5522687 -0.87517464 7.772577 -3.483651 
5.070524 -0.9323277 0.8533415 -4.918396 0.24109669 5.389775 1.611017 -2.5465226 -0.8754714 7.7763276 -3.479647 
5.071628 -0.9315456 0.8535567 -4.9173074 0.23204584 5.383471 1.6113452 -2.5524292 -0.879631 7.776673 -3.483481 
5.0718513 -0.9312976 0.85338193 -4.917092 0.22895849 5.3809443 1.6127437 -2.5539443 -0.88104916 7.7781515 -3.4838765 
5.071963 -0.93117386 0.8532749 -4.91701 0.2274148 5.3797226 1.6165946 -2.5505726 -0.8817287 7.7811327 -3.4811366 
5.0720186 -0.9311105 0.8532449 -4.916862 0.22664297 5.3789477 1.6158817 -2.5608513 -0.8821912 7.7806506 -3.4887123 
5.0720463 -0.93107873 0.8532315 -4.9167733 0.22625704 5.3785477 1.6153717 -2.5674374 -0.8824394 7.7802014 -3.49446 
5.07206 -0.93106276 0.85322565 -4.916719 0.22606409 5.3783402 1.6150367 -2.5716481 -0.88257515 7.7798476 -3.4988172 
