#T I0H0 BiH0 H0H0 H1H0 I0H1 BiH1 H0H1 H1H1 H0O0 H1O0 BiO0 
0 0.66338515 0.5408038 0.64892936 0.6642089 0.6633404 0.6753199 0.7337015 0.56475616 0.6634748 0.27177158 0.47938493 
1 0.66619915 0.5436178 0.65136456 0.66668385 0.6643889 0.6763684 0.7346089 0.5656783 0.694982 0.30379337 0.5157932 
2 0.65951854 0.5369372 0.6452604 0.66052234 0.6618298 0.67380935 0.73227066 0.5633181 0.5801538 0.18788636 0.3901214 
3 0.65951854 0.5398466 0.6477338 0.6630407 0.6618298 0.67422175 0.73262125 0.56367505 0.6226815 0.23118636 0.44014555 
4 0.6528257 0.5331538 0.6416377 0.6568811 0.65968513 0.67207706 0.73066777 0.56170124 0.49892956 0.10614568 0.30427998 
5 0.6528257 0.5365678 0.6445342 0.6598331 0.65968513 0.6722284 0.73079616 0.5618321 0.5540338 0.16230588 0.36923057 
6 0.6553651 0.5391072 0.64684355 0.66216844 0.6604752 0.67301846 0.7315147 0.56255865 0.6008495 0.2096479 0.4207084 
7 0.6575231 0.5412652 0.6488207 0.66416514 0.6612467 0.67379 0.73222154 0.56327254 0.64031833 0.24950753 0.4637876 
8 0.65121573 0.5349578 0.6430342 0.6583244 0.6590998 0.6716431 0.7302519 0.5612844 0.518224 0.12626857 0.33070272 
9 0.65121573 0.52456284 0.6341986 0.64932805 0.6590998 0.6688658 0.72789127 0.5588808 0.39373246 -4.8814714E-4 0.18424004 
10 0.65121573 0.5281257 0.6371756 0.6523729 0.6590998 0.667829 0.7270249 0.5579947 0.46704313 0.074493825 0.27197796 
11 0.654078 0.530988 0.6397697 0.65499955 0.6596195 0.66834867 0.7274959 0.5584717 0.5295055 0.13774075 0.3408982 
12 0.64822996 0.5251399 0.63442343 0.6495952 0.6583712 0.66710037 0.7263547 0.5573181 0.3969761 0.003771484 0.19592984 
13 0.64822996 0.5289826 0.6376752 0.652914 0.6583712 0.6666094 0.7259392 0.55689406 0.46977314 0.078068145 0.2819536 
14 0.6510839 0.5318365 0.6402645 0.6555349 0.65893537 0.66717356 0.7264511 0.55741215 0.53124356 0.14029002 0.3497068 
15 0.65355635 0.53430897 0.6425248 0.65781933 0.6596323 0.6678705 0.7270882 0.55805606 0.58162725 0.19121131 0.40482008 
16 0.6474176 0.5281702 0.6369046 0.65214294 0.6579075 0.6661457 0.72550905 0.5564611 0.45338857 0.061689228 0.26474884 
17 0.6474176 0.5318065 0.639986 0.655283 0.6579075 0.6660944 0.7254656 0.5564168 0.51558995 0.12507506 0.33815205 
18 0.6501111 0.5345 0.6424312 0.6577564 0.6586284 0.66681534 0.7261201 0.55707884 0.56823564 0.178327 0.39614284 
19 0.6440217 0.5284106 0.63686156 0.6521306 0.6570098 0.6651967 0.72463965 0.5555834 0.43904474 0.04783377 0.25489724 
20 0.6440217 0.5320708 0.63996273 0.6552897 0.6570098 0.6650504 0.7245157 0.5554571 0.50337964 0.11337009 0.33082855 
21 0.63803124 0.52608037 0.6345262 0.6497905 0.65593594 0.66397655 0.7235411 0.5544713 0.37064564 -0.020893008 0.1845708 
22 0.63803124 0.5184128 0.6280446 0.6431833 0.65593594 0.66380495 0.723396 0.55432343 0.24733755 -0.14659123 0.038701102 
23 0.63803124 0.51317185 0.6236814 0.6387163 0.65593594 0.6656077 0.7248968 0.55586 0.1374478 -0.2590963 -0.093296185 
24 0.63803124 0.5155481 0.6256507 0.6407386 0.65593594 0.66084075 0.7209462 0.55180305 0.25023055 -0.14327857 0.042791635 
25 0.63491267 0.51242954 0.6228384 0.6378833 0.6573224 0.6622272 0.7221965 0.55307245 0.13034664 -0.26499557 -0.09014681 
26 0.63491267 0.5146946 0.62474096 0.6398325 0.6573224 0.6577397 0.71842706 0.54921067 0.24500915 -0.14752594 0.046358004 
27 0.6318923 0.5116742 0.6220152 0.6370654 0.658748 0.65916526 0.7197136 0.5505167 0.12527272 -0.26907724 -0.086318135 
28 0.6318923 0.5096967 0.62035453 0.6353653 0.658748 0.66261417 0.72261 0.5534818 0.032459125 -0.36409444 -0.19683802 
29 0.6318923 0.5094605 0.62015873 0.6351642 0.658748 0.66685593 0.7261254 0.5570931 -0.042353615 -0.44094664 -0.28710806 
30 0.6318923 0.51032734 0.6208756 0.6359019 0.658748 0.6712591 0.7297666 0.5608404 -0.10334876 -0.50371987 -0.36086702 
31 0.6318923 0.5086976 0.61952776 0.6345131 0.658748 0.66234225 0.72239184 0.5532414 0.017855108 -0.37883055 -0.21431965 
32 0.6314568 0.5082621 0.6191359 0.63411415 0.65400565 0.6575999 0.7181252 0.5488971 0.1501586 -0.24411826 -0.06726411 
33 0.63284284 0.50964814 0.62039304 0.6353911 0.65142745 0.6550217 0.71578676 0.5465217 0.2716187 -0.12074062 0.066648856 
34 0.6296733 0.5064786 0.6175148 0.6324712 0.65258235 0.6561766 0.7168355 0.54758567 0.1479436 -0.2462048 -0.06954293 
35 0.6296733 0.50900483 0.619634 0.63464266 0.65258235 0.65202916 0.71335626 0.54402065 0.26032656 -0.13105181 0.06442547 
36 0.62640095 0.5057325 0.6166869 0.6316499 0.6539145 0.6533613 0.71455604 0.545239 0.13867804 -0.25458524 -0.07064851 
37 0.62640095 0.5034462 0.61477244 0.6296892 0.6539145 0.65672237 0.71737045 0.5481214 0.04374157 -0.3518157 -0.18402274 
38 0.62640095 0.50300735 0.61440986 0.62931657 0.6539145 0.66095895 0.7208703 0.55171865 -0.032949783 -0.43064117 -0.27685767 
39 0.62640095 0.5037729 0.6150408 0.6299663 0.6539145 0.66541535 0.7245432 0.5555011 -0.095447645 -0.49500325 -0.3526881 
40 0.62640095 0.50227726 0.61380804 0.62869513 0.6539145 0.65651596 0.71720797 0.5479373 0.025657415 -0.37012404 -0.20575942 
41 0.6260753 0.50195163 0.6135158 0.6283974 0.64920515 0.6518066 0.71298164 0.5436315 0.15728103 -0.2360258 -0.059091598 
42 0.62756574 0.50344205 0.61486447 0.6297681 0.6466861 0.6492875 0.7107021 0.5413148 0.27741548 -0.1139332 0.07366504 
43 0.6242559 0.5001322 0.6118655 0.6267243 0.647809 0.6504105 0.71171963 0.5423475 0.15324593 -0.23995674 -0.06337653 
44 0.6242559 0.5027576 0.6140611 0.6289754 0.647809 0.6463259 0.70830375 0.5388453 0.26458353 -0.12580577 0.0697566 
45 0.62086153 0.49936324 0.61101156 0.62587696 0.6491243 0.6476412 0.7094855 0.5400459 0.14263222 -0.24971038 -0.065982476 
46 0.62086153 0.5018453 0.6130834 0.62800026 0.6491243 0.6433242 0.7058819 0.53635293 0.25460953 -0.13495496 0.06816341 
47 0.62337154 0.5043553 0.6153366 0.63028985 0.6478386 0.64203846 0.7047277 0.5351801 0.35633445 -0.0315872 0.18148333 
48 0.6189643 0.49994808 0.6113477 0.6262456 0.64825416 0.642454 0.7051038 0.53556144 0.22440566 -0.16534585 0.035719216 
49 0.6189643 0.5033029 0.6141519 0.629113 0.64825416 0.6396817 0.70278645 0.53319186 0.32444322 -0.06305475 0.1553976 
50 0.6218688 0.50620735 0.6167596 0.63176024 0.64781016 0.6392377 0.7023878 0.5327872 0.41175386 0.02557759 0.25264388 
51 0.62472695 0.5090655 0.6193471 0.63438135 0.6480822 0.63950974 0.7026341 0.5330367 0.4818039 0.09653836 0.33002108 
52 0.62743235 0.5117709 0.6218006 0.6368643 0.64868474 0.6401123 0.70318055 0.5335897 0.5384196 0.1538336 0.39244935 
53 0.62116295 0.5055015 0.61610895 0.63110864 0.6471826 0.6386101 0.70181686 0.53221065 0.40851527 0.02246824 0.24935856 
54 0.62116295 0.49664143 0.6086832 0.62354434 0.6471826 0.6376016 0.7009716 0.53134966 0.28463295 -0.10372652 0.1015469 
55 0.62116295 0.5002203 0.61162984 0.62656033 0.6471826 0.6353154 0.6990893 0.529423 0.37345114 -0.012815826 0.20942244 
56 0.6242203 0.50327766 0.6143691 0.6293402 0.64717656 0.6353094 0.69908386 0.5294175 0.45071393 0.06559222 0.29565826 
57 0.6270614 0.5061188 0.61693937 0.63194287 0.6476718 0.63580465 0.6995319 0.5298712 0.5130721 0.12873702 0.3645879 
58 0.62968796 0.5087453 0.61932003 0.6343513 0.6483798 0.63651264 0.7001736 0.53052044 0.564045 0.1803049 0.42082587 
59 0.623196 0.50225335 0.61342967 0.62839633 0.64661056 0.6347434 0.69856834 0.5288976 0.4364321 0.051292047 0.28017902 
60 0.623196 0.5059717 0.6165415 0.6315659 0.64661056 0.63459235 0.6984419 0.52876884 0.49867198 0.1146872 0.35454965 
61 0.6260686 0.5088443 0.6191232 0.6341806 0.6473481 0.6353299 0.6991048 0.52944016 0.55162805 0.16831924 0.413471 
62 0.61962295 0.50239867 0.6132819 0.62827456 0.64568853 0.63367033 0.6976008 0.52791953 0.4232309 0.038499266 0.27179033 
63 0.61962295 0.5061323 0.6164058 0.63145524 0.64568853 0.6334211 0.6973923 0.5277072 0.48735493 0.1037885 0.34842977 
64 0.61330134 0.4998107 0.61072654 0.62570333 0.64462465 0.63235724 0.69643646 0.5267392 0.35577834 -0.029471226 0.20197119 
65 0.61330134 0.503634 0.61391705 0.62895447 0.64462465 0.63144225 0.6956729 0.5259611 0.43150043 0.04768934 0.29271168 
66 0.616325 0.50665766 0.61662924 0.6317036 0.6450664 0.631884 0.6960692 0.5263627 0.4959622 0.11302923 0.3645773 
67 0.6102786 0.50061125 0.6111591 0.62616944 0.643955 0.6307726 0.6950637 0.52534544 0.3640917 -0.02038525 0.21881367 
68 0.6102786 0.504411 0.6143345 0.62940204 0.643955 0.62998915 0.694409 0.52467895 0.4378692 0.054719344 0.30709505 
69 0.6044534 0.49858576 0.6091097 0.6241073 0.6434486 0.62948275 0.6939548 0.5242187 0.30513096 -0.07979497 0.15910304 
70 0.6044534 0.50229937 0.6122058 0.6272609 0.6434486 0.62795556 0.6926816 0.5229218 0.3889768 0.0056089014 0.2596721 
71 0.60747784 0.5053238 0.61491466 0.630008 0.6436135 0.6281205 0.6928293 0.5230716 0.4606921 0.07833632 0.3397425 
72 0.6017301 0.4995761 0.6097221 0.6247528 0.64286566 0.6273726 0.6921537 0.5223878 0.3276438 -0.056315474 0.19247024 
73 0.6017301 0.49250606 0.6038185 0.6187472 0.64286566 0.6279031 0.6925967 0.5228384 0.20710096 -0.17894165 0.048110828 
74 0.6017301 0.4880011 0.6001205 0.61496776 0.64286566 0.63047093 0.69470453 0.52499264 0.10112677 -0.2872477 -0.0809879 
75 0.6017301 0.48994792 0.60171115 0.6165986 0.64286566 0.62489235 0.6901465 0.5203195 0.21378922 -0.17173982 0.05689989 
76 0.60394317 0.49216098 0.60368276 0.618604 0.6409826 0.6230093 0.68846893 0.5186132 0.3198223 -0.06389003 0.17591956 
77 0.5997928 0.4880106 0.5999484 0.61481583 0.6417468 0.6237735 0.6891565 0.5193107 0.19026066 -0.19531882 0.0319224 
78 0.5997928 0.48434561 0.59690475 0.61170846 0.6417468 0.62668294 0.69157267 0.52177745 0.0852047 -0.3025731 -0.09457928 
79 0.5997928 0.48609453 0.5983343 0.6131741 0.6417468 0.6208516 0.68680626 0.5168908 0.19928664 -0.18561354 0.04499106 
80 0.60187715 0.4881789 0.600189 0.615061 0.63964593 0.6187507 0.6849369 0.51498896 0.30741465 -0.07560747 0.16650927 
81 0.59785056 0.48415235 0.596571 0.6113901 0.64053303 0.6196378 0.685734 0.5157977 0.1788909 -0.2060104 0.023470104 
82 0.59785056 0.48707402 0.5989927 0.61386275 0.64053303 0.6160235 0.6827382 0.5127388 0.28263307 -0.100082934 0.1486327 
83 0.60061616 0.4898396 0.6014568 0.6163662 0.6396408 0.61513126 0.68194324 0.5119312 0.37466192 -0.0065866634 0.25192064 
84 0.5956854 0.48490888 0.5970249 0.61187434 0.6398208 0.61531126 0.682105 0.51209515 0.24204902 -0.14099368 0.10438107 
85 0.5956854 0.47986385 0.59284234 0.60761195 0.6398208 0.61743027 0.6838618 0.51388544 0.12978366 -0.25540066 -0.031032592 
86 0.5956854 0.47736818 0.5908077 0.60552907 0.6398208 0.6212405 0.6869682 0.51706547 0.035365775 -0.35205507 -0.14684242 
87 0.5956854 0.47702724 0.59053075 0.6052448 0.6398208 0.6259642 0.69080484 0.52100414 -0.04221931 -0.4317035 -0.2423662 
88 0.5956854 0.4765403 0.5901355 0.60483825 0.6398208 0.6174724 0.68391174 0.5139135 0.077911004 -0.30813062 -0.094374016 
89 0.5961738 0.47702873 0.59056854 0.60527974 0.63565433 0.6133059 0.6802178 0.51014733 0.20254248 -0.18106183 0.046201184 
90 0.59823525 0.47909015 0.5924137 0.60715556 0.63370997 0.61136156 0.6784774 0.508378 0.31081465 -0.0709919 0.1671623 
91 0.594098 0.47495288 0.5887042 0.6033902 0.6345636 0.6122152 0.6792428 0.5091549 0.1823547 -0.20138645 0.023888916 
92 0.594098 0.47796583 0.5911905 0.6059317 0.6345636 0.60862774 0.6762824 0.50612885 0.2852716 -0.09618458 0.14860737 
93 0.59695184 0.4808197 0.5937249 0.60850805 0.63369566 0.6077598 0.6755116 0.5053453 0.3766448 -0.0032991841 0.25149876 
94 0.5999358 0.4838037 0.5963988 0.6112195 0.6337809 0.607845 0.67558795 0.5054227 0.4502421 0.07133282 0.33363163 
95 0.59401083 0.47787866 0.591079 0.6058313 0.6330674 0.60713154 0.6749474 0.50477386 0.31775227 -0.06286066 0.18606815 
96 0.59401083 0.48171955 0.59425265 0.6090648 0.6330674 0.6057961 0.6738439 0.5036496 0.39769483 0.018589318 0.2828176 
97 0.58833176 0.47604045 0.58920455 0.6039423 0.63297147 0.60570014 0.6737586 0.50356305 0.2660774 -0.11496867 0.134749 
98 0.58833176 0.47968084 0.5922047 0.60700047 0.63297147 0.6035769 0.6720088 0.5017794 0.35443294 -0.024902508 0.24196056 
99 0.5832088 0.47455788 0.58765775 0.6023831 0.6333986 0.604004 0.6723879 0.50216436 0.2240663 -0.15729022 0.09507741 
