1.0862117	1.08621
1.0811157	1.08112
1.0780804	1.07808
1.0762645	1.07626
1.0751631	1.07516
1.0744786	1.07448
1.0740371	1.07404
1.0737368	1.07374
1.073519	1.07352
1.0733495	1.07335
1.0732085	1.07321
1.0730841	1.07308
1.0729699	1.07297
1.0728621	1.07286
1.0727578	1.07276
1.0726563	1.07266
1.0725564	1.07256
1.0724578	1.07246
1.07236	1.07236
1.0722631	1.07226
1.0721669	1.07217
1.0720712	1.07207
1.0719764	1.07198
1.0718818	1.07188
1.071788	1.07179
1.0716945	1.07169
1.0716017	1.0716
1.0715094	1.07151
1.0714176	1.07142
1.0713264	1.07133
1.0712355	1.07124
1.0711452	1.07115
1.0710555	1.07106
1.0709662	1.07097
1.0708773	1.07088
1.0707891	1.07079
1.0707014	1.0707
1.0706141	1.07061
1.0705273	1.07053
1.070441	1.07044
1.0703552	1.07036
1.0702698	1.07027
1.0701848	1.07018
1.0701004	1.0701
1.0700164	1.07002
1.069933	1.06993
1.0698501	1.06985
1.0697675	1.06977
1.0696853	1.06969
1.0696037	1.0696
1.0695226	1.06952
1.0694419	1.06944
1.0693616	1.06936
1.0692818	1.06928
1.0692024	1.0692
1.0691235	1.06912
1.069045	1.06905
1.068967	1.06897
1.0688894	1.06889
1.0688121	1.06881
1.0687354	1.06874
1.0686591	1.06866
1.0685833	1.06858
1.0685077	1.06851
1.0684326	1.06843
1.068358	1.06836
1.0682838	1.06828
1.06821	1.06821
1.0681367	1.06814
1.0680637	1.06806
1.067991	1.06799
1.0679189	1.06792
1.0678471	1.06785
1.0677757	1.06778
1.0677048	1.0677
1.0676342	1.06763
1.0675639	1.06756
1.0674942	1.06749
1.0674248	1.06742
1.0673556	1.06736
1.0672871	1.06729
1.0672189	1.06722
1.067151	1.06715
1.0670836	1.06708
1.0670164	1.06702
1.0669496	1.06695
1.0668832	1.06688
1.0668172	1.06682
1.0667515	1.06675
1.0666863	1.06669
1.0666213	1.06662
1.0665568	1.06656
1.0664926	1.06649
1.0664287	1.06643
1.0663651	1.06637
1.066302	1.0663
1.0662392	1.06624
1.0661768	1.06618
1.0661145	1.06611
1.0660528	1.06605
1.0659913	1.06599
1.0659302	1.06593
1.0658696	1.06587
1.0658091	1.06581
1.0657489	1.06575
1.0656893	1.06569
1.0656296	1.06563
1.0655706	1.06557
1.065512	1.06551
1.0654533	1.06545
1.0653951	1.0654
1.0653372	1.06534
1.0652798	1.06528
1.0652226	1.06522
1.0651656	1.06517
1.0651091	1.06511
1.0650527	1.06505
1.0649966	1.065
1.064941	1.06494
1.0648856	1.06489
1.0648305	1.06483
1.0647758	1.06478
1.0647213	1.06472
1.0646671	1.06467
1.0646132	1.06461
1.0645596	1.06456
1.0645063	1.06451
1.0644531	1.06445
1.0644004	1.0644
1.0643479	1.06435
1.0642955	1.0643
1.0642438	1.06424
1.0641922	1.06419
1.0641407	1.06414
1.0640897	1.06409
1.0640388	1.06404
1.0639882	1.06399
1.0639379	1.06394
1.0638878	1.06389
1.0638382	1.06384
1.0637887	1.06379
1.0637394	1.06374
1.0636903	1.06369
1.0636415	1.06364
1.0635931	1.06359
1.0635448	1.06354
1.063497	1.0635
1.063449	1.06345
1.0634017	1.0634
1.0633543	1.06335
1.0633073	1.06331
1.0632606	1.06326
1.0632141	1.06321
1.0631677	1.06317
1.0631216	1.06312
1.0630759	1.06308
1.0630302	1.06303
1.062985	1.06298
1.0629398	1.06294
1.0628948	1.06289
1.0628501	1.06285
1.0628058	1.06281
1.0627614	1.06276
1.0627174	1.06272
1.0626736	1.06267
1.0626299	1.06263
1.0625867	1.06259
1.0625434	1.06254
1.0625005	1.0625
1.0624578	1.06246
1.0624152	1.06242
1.0623729	1.06237
1.0623307	1.06233
1.0622888	1.06229
1.062247	1.06225
1.0622057	1.06221
1.0621642	1.06216
1.062123	1.06212
1.062082	1.06208
1.0620413	1.06204
1.0620008	1.062
1.0619603	1.06196
1.0619202	1.06192
1.0618801	1.06188
1.0618404	1.06184
1.0618007	1.0618
1.0617613	1.06176
1.0617218	1.06172
1.0616827	1.06168
1.0616437	1.06164
1.061605	1.0616
1.0615664	1.06157
1.061528	1.06153
1.0614896	1.06149
1.0614516	1.06145
1.0614135	1.06141
1.0613759	1.06138
1.0613382	1.06134
1.0613008	1.0613
1.0612634	1.06126
1.0612261	1.06123
1.0611894	1.06119
1.0611523	1.06115
1.0611156	1.06112
1.0610791	1.06108
1.0610428	1.06104
1.0610064	1.06101
1.0609703	1.06097
1.0609342	1.06093
1.0608985	1.0609
1.0608628	1.06086
1.0608271	1.06083
1.0607916	1.06079
1.0607564	1.06076
1.0607213	1.06072
1.0606862	1.06069
1.0606512	1.06065
1.0606165	1.06062
1.0605817	1.06058
1.0605471	1.06055
1.0605128	1.06051
1.0604784	1.06048
1.0604444	1.06044
1.0604103	1.06041
1.0603762	1.06038
1.0603423	1.06034
1.0603087	1.06031
1.060275	1.06027
1.0602415	1.06024
1.0602081	1.06021
1.0601747	1.06017
1.0601413	1.06014
1.0601082	1.06011
1.0600754	1.06008
1.0600423	1.06004
1.0600095	1.06001
1.0599767	1.05998
1.0599442	1.05994
1.0599115	1.05991
1.0598791	1.05988
1.0598465	1.05985
1.0598142	1.05981
1.059782	1.05978
1.05975	1.05975
1.0597179	1.05972
1.0596858	1.05969
1.0596539	1.05965
1.0596222	1.05962
1.0595902	1.05959
1.0595586	1.05956
1.0595269	1.05953
1.0594954	1.0595
1.059464	1.05946
1.0594323	1.05943
1.0594009	1.0594
1.0593697	1.05937
1.0593385	1.05934
1.0593071	1.05931
1.0592761	1.05928
1.059245	1.05924
1.0592138	1.05921
1.0591829	1.05918
1.0591519	1.05915
1.0591209	1.05912
1.05909	1.05909
1.0590593	1.05906
1.0590284	1.05903
1.0589976	1.059
1.0589669	1.05897
1.0589362	1.05894
1.0589055	1.05891
1.0588748	1.05887
1.0588443	1.05884
1.0588137	1.05881
1.058783	1.05878
1.0587525	1.05875
1.058722	1.05872
1.0586915	1.05869
1.0586611	1.05866
1.0586307	1.05863
1.0586001	1.0586
1.0585696	1.05857
1.0585392	1.05854
1.0585088	1.05851
1.0584784	1.05848
1.0584478	1.05845
1.0584176	1.05842
1.058387	1.05839
1.0583565	1.05836
1.0583262	1.05833
1.0582957	1.0583
1.0582651	1.05827
1.0582348	1.05823
1.0582042	1.0582
1.0581737	1.05817
1.0581431	1.05814
1.0581126	1.05811
1.0580821	1.05808
1.0580515	1.05805
1.0580208	1.05802
1.0579901	1.05799
1.0579596	1.05796
1.0579287	1.05793
1.0578979	1.0579
1.0578672	1.05787
1.0578363	1.05784
1.0578055	1.05781
1.0577745	1.05777
1.0577434	1.05774
1.0577123	1.05771
1.0576813	1.05768
1.0576502	1.05765
1.0576189	1.05762
1.0575877	1.05759
1.0575564	1.05756
1.0575249	1.05752
1.0574934	1.05749
1.057462	1.05746
1.0574304	1.05743
1.0573987	1.0574
1.0573668	1.05737
1.0573349	1.05733
1.0573031	1.0573
1.057271	1.05727
1.057239	1.05724
1.0572066	1.05721
1.0571743	1.05717
1.057142	1.05714
1.0571095	1.05711
1.0570768	1.05708
1.057044	1.05704
1.0570112	1.05701
1.0569783	1.05698
1.0569452	1.05695
1.056912	1.05691
1.0568788	1.05688
1.0568453	1.05685
1.0568116	1.05681
1.0567781	1.05678
1.0567442	1.05674
1.0567102	1.05671
1.0566761	1.05668
1.0566418	1.05664
1.0566075	1.05661
1.0565729	1.05657
1.0565381	1.05654
1.0565033	1.0565
1.0564682	1.05647
1.056433	1.05643
1.0563977	1.0564
1.0563622	1.05636
1.0563264	1.05633
1.0562904	1.05629
1.0562544	1.05625
1.056218	1.05622
1.0561816	1.05618
1.0561448	1.05614
1.056108	1.05611
1.056071	1.05607
1.0560335	1.05603
1.055996	1.056
1.0559584	1.05596
1.0559204	1.05592
1.0558822	1.05588
1.0558437	1.05584
1.055805	1.0558
1.0557661	1.05577
1.055727	1.05573
1.0556877	1.05569
1.055648	1.05565
1.0556079	1.05561
1.0555679	1.05557
1.0555273	1.05553
1.0554866	1.05549
1.0554454	1.05545
1.0554042	1.0554
1.0553626	1.05536
1.0553207	1.05532
1.0552785	1.05528
1.055236	1.05524
1.0551932	1.05519
1.0551502	1.05515
1.0551066	1.05511
1.0550628	1.05506
1.0550187	1.05502
1.0549742	1.05497
1.0549293	1.05493
1.0548842	1.05488
1.0548387	1.05484
1.0547928	1.05479
1.0547464	1.05475
1.0546998	1.0547
1.0546527	1.05465
1.0546052	1.05461
1.0545573	1.05456
1.054509	1.05451
1.0544603	1.05446
1.0544113	1.05441
1.0543616	1.05436
1.0543118	1.05431
1.0542613	1.05426
1.0542104	1.05421
1.054159	1.05416
1.0541072	1.05411
1.0540549	1.05405
1.054002	1.054
1.0539488	1.05395
1.053895	1.05389
1.0538406	1.05384
1.0537858	1.05379
1.0537305	1.05373
1.0536747	1.05367
1.0536182	1.05362
1.0535612	1.05356
1.0535036	1.0535
1.0534453	1.05345
1.0533867	1.05339
1.0533272	1.05333
1.0532674	1.05327
1.0532068	1.05321
1.0531455	1.05315
1.0530838	1.05308
1.0530212	1.05302
1.0529583	1.05296
1.0528944	1.05289
1.0528297	1.05283
1.0527647	1.05276
1.0526987	1.0527
1.0526321	1.05263
1.0525649	1.05256
1.0524967	1.0525
1.0524278	1.05243
1.0523582	1.05236
1.0522877	1.05229
1.0522164	1.05222
1.0521445	1.05214
1.0520717	1.05207
1.0519981	1.052
1.0519234	1.05192
1.051848	1.05185
1.0517718	1.05177
1.0516946	1.05169
1.0516165	1.05162
1.0515375	1.05154
1.0514578	1.05146
1.0513767	1.05138
1.051295	1.05129
1.0512121	1.05121
1.0511281	1.05113
1.0510434	1.05104
1.0509574	1.05096
1.0508704	1.05087
1.0507826	1.05078
1.0506933	1.05069
1.0506032	1.0506
1.0505117	1.05051
1.0504192	1.05042
1.0503256	1.05033
1.0502307	1.05023
1.0501347	1.05013
1.0500374	1.05004
1.0499389	1.04994
1.0498391	1.04984
1.049738	1.04974
1.0496356	1.04964
1.049532	1.04953
1.0494268	1.04943
1.0493203	1.04932
1.0492126	1.04921
1.0491034	1.0491
1.0489928	1.04899
1.0488805	1.04888
1.0487669	1.04877
1.0486518	1.04865
1.0485351	1.04854
1.0484169	1.04842
1.048297	1.0483
1.0481755	1.04818
1.0480524	1.04805
1.0479276	1.04793
1.0478011	1.0478
1.047673	1.04767
1.0475432	1.04754
1.0474114	1.04741
1.0472779	1.04728
1.0471424	1.04714
1.0470053	1.04701
1.046866	1.04687
1.046725	1.04673
1.046582	1.04658
1.046437	1.04644
1.0462899	1.04629
1.0461407	1.04614
1.0459895	1.04599
1.0458362	1.04584
1.0456808	1.04568
1.0455232	1.04552
1.0453631	1.04536
1.0452011	1.0452
1.0450366	1.04504
1.0448697	1.04487
1.0447005	1.0447
1.0445288	1.04453
1.0443549	1.04435
1.0441782	1.04418
1.0439992	1.044
1.0438176	1.04382
1.0436332	1.04363
1.0434463	1.04345
1.0432568	1.04326
1.0430644	1.04306
1.0428692	1.04287
1.0426712	1.04267
1.0424705	1.04247
1.0422668	1.04227
1.0420599	1.04206
1.0418503	1.04185
1.0416374	1.04164
1.0414217	1.04142
1.0412025	1.0412
1.0409805	1.04098
1.0407549	1.04075
1.0405262	1.04053
1.040294	1.04029
1.0400584	1.04006
1.0398195	1.03982
1.039577	1.03958
1.039331	1.03933
1.0390813	1.03908
1.0388279	1.03883
1.0385708	1.03857
1.0383099	1.03831
1.0380452	1.03805
1.0377766	1.03778
1.037504	1.0375
1.0372273	1.03723
1.0369468	1.03695
1.036662	1.03666
1.0363729	1.03637
1.0360794	1.03608
1.0357819	1.03578
1.0354798	1.03548
1.0351734	1.03517
1.0348623	1.03486
1.0345465	1.03455
1.0342262	1.03423
1.0339012	1.0339
1.0335714	1.03357
1.0332366	1.03324
1.032897	1.0329
1.0325522	1.03255
1.0322022	1.0322
1.0318474	1.03185
1.0314871	1.03149
1.0311215	1.03112
1.0307505	1.03075
1.030374	1.03037
1.029992	1.02999
1.0296044	1.0296
1.0292109	1.02921
1.0288118	1.02881
1.0284066	1.02841
1.0279956	1.028
1.0275785	1.02758
1.0271552	1.02716
1.0267258	1.02673
1.0262899	1.02629
1.0258477	1.02585
1.0253989	1.0254
1.0249437	1.02494
1.0244817	1.02448
1.0240128	1.02401
1.0235372	1.02354
1.0230546	1.02305
1.0225649	1.02257
1.0220683	1.02207
1.0215642	1.02156
1.0210527	1.02105
1.0205339	1.02053
1.0200076	1.02001
1.0194736	1.01947
1.0189317	1.01893
1.0183823	1.01838
1.0178248	1.01782
1.017259	1.01726
1.0166854	1.01669
1.0161034	1.0161
1.015513	1.01551
1.0149143	1.01491
1.0143068	1.01431
1.0136908	1.01369
1.0130659	1.01307
1.0124322	1.01243
1.0117896	1.01179
1.0111378	1.01114
1.0104768	1.01048
1.0098065	1.00981
1.0091269	1.00913
1.0084378	1.00844
1.0077388	1.00774
1.0070304	1.00703
1.0063119	1.00631
1.0055836	1.00558
1.0048453	1.00485
1.0040967	1.0041
1.0033381	1.00334
1.002569	1.00257
1.0017897	1.00179
1.0009995	1.001
1.000199	1.0002
0.9993876	0.999388
0.99856544	0.998565
0.9977324	0.997732
0.99688834	0.996888
0.99603343	0.996033
0.9951671	0.995167
0.99428946	0.99429
0.99340075	0.993401
0.9925006	0.992501
0.991589	0.991589
0.9906659	0.990666
0.9897312	0.989731
0.98878485	0.988785
0.98782676	0.987827
0.986857	0.986857
0.98587537	0.985875
0.98488206	0.984882
0.9838768	0.983877
0.98285973	0.98286
0.9818306	0.98183
0.9807896	0.98079
0.9797367	0.979737
0.9786718	0.978672
0.977595	0.977595
0.97650605	0.976506
0.9754054	0.975405
0.97429264	0.974293
0.973168	0.973168
0.9720318	0.972032
0.9708835	0.970883
0.9697236	0.969723
0.9685519	0.968552
0.96736854	0.967368
0.96617365	0.966174
0.96496725	0.964967
0.96374965	0.96375
0.9625206	0.96252
0.96128047	0.96128
0.9600291	0.960029
0.9587671	0.958767
0.95749414	0.957494
0.9562106	0.956211
0.95491654	0.954916
0.9536123	0.953612
0.9522978	0.952298
0.9509734	0.950973
0.94963926	0.949639
0.9482956	0.948295
0.9469425	0.946942
0.9455803	0.94558
0.94420934	0.944209
0.9428296	0.942829
0.9414415	0.941441
0.9400454	0.940045
0.9386413	0.938641
0.93722963	0.93723
0.9358107	0.93581
0.9343846	0.934384
0.9329519	0.932952
0.9315127	0.931513
0.93006736	0.930067
0.9286163	0.928616
0.92715967	0.92716
0.9256979	0.925698
0.9242314	0.924231
0.92276037	0.92276
0.92128515	0.921285
0.91980606	0.919806
0.9183235	0.918323
0.9168379	0.916838
0.9153496	0.915349
0.9138589	0.913859
0.91236603	0.912366
0.9108715	0.910871
0.90937567	0.909376
0.9078789	0.907879
0.9063814	0.906381
0.90488374	0.904884
0.90338624	0.903386
0.90188897	0.901889
0.9003926	0.900393
0.8988975	0.898897
0.8974037	0.897403
0.8959118	0.895912
0.8944221	0.894422
0.8929349	0.892935
0.89145046	0.89145
0.8899692	0.889969
0.88849145	0.888491
0.8870175	0.887017
0.88554764	0.885548
0.8840822	0.884082
0.8826214	0.882621
0.8811656	0.881166
0.8797151	0.879715
0.87827003	0.87827
0.8768308	0.876831
0.87539756	0.875398
0.8739708	0.873971
0.8725505	0.87255
0.8711369	0.871137
0.8697305	0.86973
0.86833113	0.868331
0.8669393	0.866939
0.8655551	0.865555
0.86417866	0.864179
0.86281025	0.86281
0.86145014	0.86145
0.86009824	0.860098
0.85875493	0.858755
0.8574202	0.85742
0.85609436	0.856094
0.8547776	0.854777
0.8534696	0.853469
0.85217106	0.852171
0.85088164	0.850881
0.8496016	0.849602
0.8483312	0.848331
0.84707034	0.84707
0.84581906	0.845819
0.84457755	0.844577
0.8433459	0.843346
0.8421241	0.842124
0.8409121	0.840912
0.83971024	0.83971
0.83851826	0.838518
0.8373362	0.837336
0.83616436	0.836164
0.83500254	0.835002
0.83385086	0.833851
0.8327093	0.832709
0.8315776	0.831578
0.83045614	0.830456
0.82934487	0.829345
0.8282436	0.828243
0.8271525	0.827152
0.8260713	0.826071
0.8250002	0.825
0.82393914	0.823939
0.822888	0.822888
0.8218467	0.821847
0.82081544	0.820815
0.81979394	0.819794
0.8187823	0.818782
0.8177805	0.81778
0.8167882	0.816788
0.8158056	0.815806
0.8148327	0.814832
0.81386924	0.813869
0.8129153	0.812915
0.8119707	0.811971
0.8110356	0.811035
0.81010956	0.810109
0.80919284	0.809193
0.80828524	0.808285
0.80738676	0.807387
0.8064971	0.806497
0.80561656	0.805616
0.8047447	0.804745
0.8038817	0.803882
0.8030274	0.803027
0.8021816	0.802181
0.8013443	0.801344
0.80051553	0.800516
0.799695	0.799695
0.79888296	0.798883
0.798079	0.798079
0.7972831	0.797283
0.7964953	0.796495
0.79571545	0.795715
0.7949434	0.794943
0.7941792	0.794179
0.7934226	0.793422
0.7926737	0.792674
0.7919323	0.791932
0.7911984	0.791198
0.7904717	0.790472
0.78975236	0.789752
0.7890402	0.78904
0.7883352	0.788335
0.78763723	0.787637
0.78694624	0.786946
0.78626204	0.786262
0.7855847	0.785585
0.7849139	0.784914
0.7842499	0.78425
0.78359234	0.783592
0.7829412	0.782941
0.78229666	0.782297
0.7816583	0.781658
0.7810261	0.781026
0.78040016	0.7804
0.77978027	0.77978
0.77916634	0.779166
0.7785584	0.778558
0.77795625	0.777956
0.7773599	0.77736
0.7767692	0.776769
0.7761842	0.776184
0.7756047	0.775605
0.77503085	0.775031
0.7744622	0.774462
0.773899	0.773899
0.7733412	0.773341
0.7727884	0.772788
0.7722408	0.772241
0.7716984	0.771698
0.77116084	0.771161
0.77062833	0.770628
0.77010065	0.770101
0.76957774	0.769578
0.7690598	0.76906
0.76854634	0.768546
0.76803744	0.768037
0.7675333	0.767533
0.7670336	0.767034
0.7665383	0.766538
0.7660474	0.766047
0.765561	0.765561
0.7650786	0.765079
0.7646005	0.764601
0.76412666	0.764127
0.76365685	0.763657
0.7631911	0.763191
0.7627293	0.762729
0.76227146	0.762271
0.76181746	0.761817
0.76136744	0.761367
0.7609211	0.760921
0.7604784	0.760478
0.76003945	0.760039
0.7596042	0.759604
0.75917244	0.759172
0.7587441	0.758744
0.75831944	0.758319
0.7578981	0.757898
0.75748026	0.75748
0.75706565	0.757066
0.75665426	0.756654
0.7562463	0.756246
0.7558414	0.755841
0.7554397	0.75544
0.7550411	0.755041
0.7546456	0.754646
0.75425315	0.754253
0.7538637	0.753864
0.7534771	0.753477
0.7530934	0.753093
0.7527126	0.752712
0.7523346	0.752335
0.75195944	0.751959
0.7515869	0.751587
0.7512171	0.751217
0.75085	0.75085
0.75048566	0.750485
0.7501236	0.750124
0.7497642	0.749764
0.7494074	0.749407
0.749053	0.749053
0.7487011	0.748701
0.7483516	0.748351
0.7480043	0.748004
0.74765956	0.74766
0.74731696	0.747317
0.74697673	0.746977
0.74663866	0.746639
0.7463027	0.746303
0.74596906	0.745969
0.7456374	0.745637
0.7453079	0.745308
0.7449805	0.74498
0.744655	0.744655
0.74433166	0.744332
0.7440102	0.74401
0.74369067	0.743691
0.7433731	0.743373
0.74305737	0.743057
0.7427435	0.742743
0.74243134	0.742431
0.7421211	0.742121
0.74181247	0.741812
0.74150574	0.741506
0.74120057	0.741201
0.74089706	0.740897
0.7405952	0.740595
0.74029493	0.740295
0.7399963	0.739996
0.7396991	0.739699
0.7394036	0.739403
0.7391095	0.739109
0.73881686	0.738817
0.7385257	0.738526
0.7382359	0.738236
0.7379475	0.737947
0.7376605	0.73766
0.7373748	0.737375
0.73709035	0.73709
0.7368072	0.736807
0.7365254	0.736525
0.7362447	0.736245
0.73596525	0.735965
0.7356869	0.735687
0.73540986	0.73541
0.7351339	0.735134
0.7348589	0.734859
0.73458505	0.734585
0.7343123	0.734312
0.7340405	0.73404
0.73376966	0.73377
0.73349977	0.7335
0.73323095	0.733231
0.73296285	0.732963
0.7326958	0.732696
0.7324296	0.73243
0.7321642	0.732164
0.7318996	0.7319
0.7316359	0.731636
0.7313729	0.731373
0.73111063	0.73111
0.730849	0.730849
0.7305882	0.730588
0.73032796	0.730328
0.7300683	0.730068
0.7298094	0.729809
0.729551	0.729551
0.7292932	0.729293
0.72903585	0.729036
0.72877914	0.728779
0.72852284	0.728523
0.728267	0.728267
0.7280116	0.728012
0.72775656	0.727757
0.727502	0.727502
0.7272478	0.727248
0.72699374	0.726994
0.7267402	0.72674
0.7264868	0.726487
0.7262336	0.726234
0.72598076	0.725981
0.72572803	0.725728
0.72547555	0.725475
0.72522306	0.725223
0.7249709	0.724971
0.7247187	0.724719
0.7244665	0.724466
0.7242143	0.724214
0.72396225	0.723962
0.72371006	0.72371
0.7234578	0.723458
0.7232055	0.723205
0.7229531	0.722953
0.72270054	0.7227
0.72244775	0.722448
0.7221948	0.722195
0.72194165	0.721941
0.72168815	0.721688
0.72143435	0.721434
0.7211802	0.72118
0.72092575	0.720926
0.72067094	0.720671
0.7204156	0.720415
0.72015977	0.72016
0.71990347	0.719903
0.7196467	0.719646
0.7193893	0.719389
0.7191313	0.719131
0.71887267	0.718873
0.7186134	0.718613
0.71835333	0.718353
0.71809256	0.718092
0.717831	0.717831
0.7175687	0.717569
0.7173054	0.717305
0.71704125	0.717041
0.7167761	0.716776
0.71651006	0.71651
0.7162429	0.716243
0.7159747	0.715975
0.71570545	0.715705
0.715435	0.715435
0.71516335	0.715163
0.7148905	0.71489
0.71461636	0.714616
0.7143408	0.714341
0.714064	0.714064
0.71378565	0.713785
0.7135058	0.713506
0.71322453	0.713224
0.71294165	0.712941
0.7126571	0.712657
0.712371	0.712371
0.712083	0.712083
0.7117933	0.711793
0.7115017	0.711502
0.7112082	0.711208
0.71091294	0.710913
0.7106154	0.710615
0.71031594	0.710316
0.7100142	0.710014
0.7097105	0.70971
0.70940435	0.709404
0.709096	0.709096
0.7087853	0.708785
0.708472	0.708472
0.7081563	0.708156
0.70783794	0.707838
0.70751697	0.707517
0.70719326	0.707193
0.70686674	0.706867
0.7065374	0.706537
0.70620507	0.706205
0.70586973	0.705869
0.70553136	0.705531
0.7051897	0.705189
0.70484483	0.704845
0.7044966	0.704496
0.70414495	0.704145
0.7037898	0.703789
0.70343107	0.703431
0.70306873	0.703068
0.7027024	0.702702
0.7023325	0.702332
0.7019584	0.701958
0.7015803	0.70158
0.70119816	0.701198
0.7008116	0.700811
0.70042086	0.70042
0.70002556	0.700025
0.69962573	0.699625
0.69922125	0.699221
0.698812	0.698812
0.69839793	0.698398
0.69797885	0.697978
0.6975547	0.697554
0.69712526	0.697125
0.69669056	0.69669
0.69625044	0.69625
0.6958047	0.695804
0.69535327	0.695353
0.6948961	0.694896
0.69443303	0.694433
0.69396377	0.693963
0.6934885	0.693488
0.6930068	0.693006
0.6925186	0.692518
0.692024	0.692023
0.6915226	0.691522
0.6910143	0.691014
0.69049907	0.690499
0.68997663	0.689976
0.68944705	0.689447
0.68891	0.688909
0.6883654	0.688365
0.6878131	0.687813
0.687253	0.687252
0.68668485	0.686684
0.68610847	0.686108
0.68552387	0.685523
0.68493074	0.68493
0.68432915	0.684329
0.68371874	0.683718
0.6830993	0.683099
0.6824709	0.68247
0.68183315	0.681833
0.6811861	0.681185
0.6805294	0.680529
0.679863	0.679862
0.6791866	0.679186
0.67850024	0.678499
0.6778035	0.677803
0.67709637	0.677096
0.67637885	0.676378
0.67565036	0.67565
0.674911	0.67491
0.6741605	0.67416
0.6733987	0.673398
0.6726254	0.672625
0.6718404	0.67184
0.67104363	0.671043
0.6702348	0.670234
0.6694137	0.669413
0.6685802	0.668579
0.66773397	0.667733
0.66687506	0.666874
0.666003	0.666002
0.66511774	0.665117
0.6642189	0.664218
0.6633065	0.663306
0.66238016	0.662379
0.6614398	0.661439
0.6604849	0.660484
0.6595154	0.659514
0.6585311	0.65853
0.65753174	0.657531
0.656517	0.656516
0.6554867	0.655486
0.65444046	0.654439
0.6533781	0.653377
0.6522993	0.652298
0.65120375	0.651203
0.6500912	0.65009
0.6489612	0.64896
0.6478136	0.647812
0.646648	0.646647
0.64546406	0.645463
0.6442615	0.64426
0.6430398	0.643039
0.6417988	0.641797
0.64053804	0.640537
0.6392571	0.639256
0.63795567	0.637954
0.63663316	0.636632
0.6352895	0.635288
0.6339239	0.633922
0.63253605	0.632535
0.6311257	0.631124
0.62969214	0.629691
0.62823486	0.628233
0.6267537	0.626752
0.625248	0.625247
0.6237173	0.623716
0.62216103	0.622159
0.62057877	0.620577
0.61897	0.618968
0.6173342	0.617332
0.6156708	0.615669
0.61397934	0.613978
0.61225927	0.612257
0.61051	0.610508
0.6087311	0.608729
0.6069219	0.60692
0.60508204	0.60508
0.60321075	0.603209
0.6013077	0.601306
0.5993722	0.59937
0.59740394	0.597402
0.5954022	0.5954
0.5933664	0.593364
0.5912962	0.591294
0.58919114	0.589189
0.5870505	0.587048
0.584874	0.584872
0.58266103	0.582659
0.5804113	0.580409
0.5781243	0.578122
0.5757995	0.575797
0.57343674	0.573434
0.57103556	0.571033
0.5685955	0.568593
0.56611633	0.566114
0.5635978	0.563595
0.5610395	0.561037
0.5584412	0.558439
0.5558029	0.5558
0.5531244	0.553122
0.55040526	0.550402
0.5476457	0.547643
0.54484546	0.544842
0.5420045	0.542002
0.5391231	0.53912
0.536201	0.536198
0.5332385	0.533235
0.5302356	0.530232
0.52719253	0.527189
0.5241096	0.524106
0.5209869	0.520984
0.517825	0.517822
0.5146241	0.514621
0.5113846	0.511381
0.508107	0.508103
0.50479174	0.504788
0.50143933	0.501436
0.49805057	0.498047
0.494626	0.494622
0.49116617	0.491163
0.4876719	0.487668
0.48414412	0.48414
0.4805835	0.48058
0.47699082	0.476987
0.47336724	0.473363
0.46971354	0.46971
0.46603084	0.466027
0.46232003	0.462316
0.4585823	0.458578
0.45481873	0.454815
0.45103055	0.451027
0.44721878	0.447215
0.4433849	0.443381
0.43953001	0.439526
0.43565544	0.435651
0.43176258	0.431759
0.42785275	0.427849
0.42392734	0.423923
0.41998774	0.419984
0.41603547	0.416031
0.4120719	0.412068
0.4080987	0.408095
0.40411723	0.404113
0.4001289	0.400125
0.39613545	0.396131
0.3921383	0.392134
0.38813916	0.388135
0.38413948	0.384135
0.38014078	0.380137
0.37614447	0.37614
0.3721525	0.372148
0.3681661	0.368162
0.3641868	0.364183
0.36021626	0.360212
0.35625598	0.356252
0.35230738	0.352303
0.34837195	0.348368
0.34445107	0.344447
0.3405462	0.340542
0.33665875	0.336655
0.33279005	0.332786
0.32894135	0.328938
0.32511413	0.32511
0.3213095	0.321306
0.31752852	0.317525
0.31377265	0.313769
0.3100428	0.310039
0.30634	0.306336
0.3026654	0.302662
0.29902	0.299016
0.29540467	0.295401
0.2918202	0.291817
0.28826755	0.288264
0.28474748	0.284744
0.28126073	0.281257
0.2778079	0.277805
0.27438968	0.274386
0.27100673	0.271003
0.26765934	0.267656
0.26434827	0.264345
0.26107377	0.261071
0.25783643	0.257833
0.25463635	0.254633
0.251474	0.251471
0.24834964	0.248347
0.24526326	0.24526
0.2422154	0.242213
0.23920594	0.239203
0.23623489	0.236232
0.23330265	0.2333
0.23040894	0.230406
0.22755377	0.227551
0.22473729	0.224734
0.22195914	0.221957
0.21921949	0.219217
0.21651801	0.216515
0.21385466	0.213852
0.21122913	0.211227
0.20864135	0.208639
0.20609102	0.206089
0.20357782	0.203575
0.20110163	0.201099
0.1986619	0.19866
0.19625868	0.196256
0.19389126	0.193889
0.1915595	0.191557
0.18926309	0.189261
0.18700159	0.186999
0.18477458	0.184773
0.18258186	0.18258
0.18042277	0.180421
0.17829707	0.178295
0.17620435	0.176202
0.17414422	0.174142
0.1721161	0.172114
0.17011973	0.170118
0.16815458	0.168153
0.16622028	0.166218
0.16431637	0.164315
0.16244236	0.162441
0.16059798	0.160596
0.1587826	0.158781
0.15699583	0.156994
0.15523732	0.155236
0.1535066	0.153505
0.15180312	0.151801
0.1501266	0.150125
0.14847654	0.148475
0.14685252	0.146851
0.14525414	0.145253
0.14368095	0.143679
0.14213254	0.142131
0.14060847	0.140607
0.13910836	0.139107
0.13763183	0.137631
0.1361785	0.136177
0.13474777	0.134747
0.13333958	0.133338
0.13195327	0.131952
0.13058865	0.130587
0.12924515	0.129244
0.12792249	0.127921
0.12662038	0.126619
0.12533842	0.125337
0.12407614	0.124075
0.12283328	0.122832
0.12160948	0.121608
0.12040442	0.120403
0.119217716	0.119217
0.11804914	0.118048
0.11689827	0.116897
0.11576483	0.115764
0.11464852	0.114647
0.113548994	0.113548
0.11246597	0.112465
0.11139908	0.111398
0.11034813	0.110347
0.10931279	0.109312
0.1082928	0.108292
0.10728798	0.107287
0.10629782	0.106297
0.1053222	0.105321
0.10436086	0.10436
0.103413574	0.103413
0.102479994	0.102479
0.101559915	0.101559
0.100653134	0.100652
0.09975937	0.0997585
0.09887838	0.0988775
0.09800995	0.0980091
0.097153895	0.0971531
0.096309975	0.0963091
0.09547793	0.095477
0.09465753	0.0946567
0.09384867	0.0938478
0.093051076	0.0930502
0.09226452	0.0922637
0.09148888	0.0914881
0.09072392	0.0907232
0.08996947	0.0899687
0.0892254	0.0892246
0.088491395	0.0884906
0.08776731	0.0877666
	0.0870523
	0.0863477
	0.0856525
	0.0849667
	0.0842899
	0.0836221
	0.0829631
	0.0823128
	0.0816709
	0.0810375
	0.0804122
	0.0797951
	0.0791859
	0.0785845
	0.0779909
	0.0774047
	0.076826
	0.0762546
	0.0756903
	0.0751332
	0.0745829
	0.0740395
	0.0735028
	0.0729728
	0.0724492
	0.071932
	0.0714211
	0.0709164
	0.0704178
	0.0699252
	0.0694384
	0.0689575
	0.0684823
	0.0680126
	0.0675485
	0.0670899
	0.0666366
	0.0661886
	0.0657457
	0.065308
	0.0648752
	0.0644474
	0.0640245
	0.0636064
	0.0631931
	0.0627843
	0.0623802
	0.0619805
	0.0615853
	0.0611945
	0.060808
	0.0604257
	0.0600476
	0.0596736
	0.0593037
	0.0589377
	0.0585758
	0.0582177
	0.0578634
	0.0575129
	0.0571661
	0.0568229
	0.0564834
	0.0561474
	0.0558149
	0.0554859
	0.0551603
	0.054838
	0.0545191
	0.0542034
	0.0538909
	0.0535816
	0.0532754
	0.0529723
	0.0526723
	0.0523752
	0.0520811
	0.0517899
	0.0515016
	0.0512161
	0.0509335
	0.0506536
	0.0503764
	0.0501019
	0.04983
	0.0495608
	0.0492941
	0.04903
	0.0487684
	0.0485092
	0.0482526
	0.0479983
	0.0477464
	0.0474969
	0.0472497
	0.0470048
	0.0467621
	0.0465217
	0.0462835
	0.0460474
	0.0458135
	0.0455818
	0.0453521
	0.0451245
	0.0448989
	0.0446754
	0.0444538
	0.0442342
	0.0440166
	0.0438008
	0.043587
	0.043375
	0.0431649
	0.0429566
	0.0427501
	0.0425454
	0.0423425
	0.0421413
	0.0419418
	0.041744
	0.0415479
	0.0413534
	0.0411606
	0.0409694
	0.0407798
	0.0405917
	0.0404053
	0.0402204
	0.0400369
	0.0398551
