1.0862117
1.0811157
1.0780804
1.0762645
1.0751631
1.0744786
1.0740371
1.0737368
1.073519
1.0733495
1.0732085
1.0730841
1.0729699
1.0728621
1.0727578
1.0726563
1.0725564
1.0724578
1.07236
1.0722631
1.0721669
1.0720712
1.0719764
1.0718818
1.071788
1.0716945
1.0716017
1.0715094
1.0714176
1.0713264
1.0712355
1.0711452
1.0710555
1.0709662
1.0708773
1.0707891
1.0707014
1.0706141
1.0705273
1.070441
1.0703552
1.0702698
1.0701848
1.0701004
1.0700164
1.069933
1.0698501
1.0697675
1.0696853
1.0696037
1.0695226
1.0694419
1.0693616
1.0692818
1.0692024
1.0691235
1.069045
1.068967
1.0688894
1.0688121
1.0687354
1.0686591
1.0685833
1.0685077
1.0684326
1.068358
1.0682838
1.06821
1.0681367
1.0680637
1.067991
1.0679189
1.0678471
1.0677757
1.0677048
1.0676342
1.0675639
1.0674942
1.0674248
1.0673556
1.0672871
1.0672189
1.067151
1.0670836
1.0670164
1.0669496
1.0668832
1.0668172
1.0667515
1.0666863
1.0666213
1.0665568
1.0664926
1.0664287
1.0663651
1.066302
1.0662392
1.0661768
1.0661145
1.0660528
1.0659913
1.0659302
1.0658696
1.0658091
1.0657489
1.0656893
1.0656296
1.0655706
1.065512
1.0654533
1.0653951
1.0653372
1.0652798
1.0652226
1.0651656
1.0651091
1.0650527
1.0649966
1.064941
1.0648856
1.0648305
1.0647758
1.0647213
1.0646671
1.0646132
1.0645596
1.0645063
1.0644531
1.0644004
1.0643479
1.0642955
1.0642438
1.0641922
1.0641407
1.0640897
1.0640388
1.0639882
1.0639379
1.0638878
1.0638382
1.0637887
1.0637394
1.0636903
1.0636415
1.0635931
1.0635448
1.063497
1.063449
1.0634017
1.0633543
1.0633073
1.0632606
1.0632141
1.0631677
1.0631216
1.0630759
1.0630302
1.062985
1.0629398
1.0628948
1.0628501
1.0628058
1.0627614
1.0627174
1.0626736
1.0626299
1.0625867
1.0625434
1.0625005
1.0624578
1.0624152
1.0623729
1.0623307
1.0622888
1.062247
1.0622057
1.0621642
1.062123
1.062082
1.0620413
1.0620008
1.0619603
1.0619202
1.0618801
1.0618404
1.0618007
1.0617613
1.0617218
1.0616827
1.0616437
1.061605
1.0615664
1.061528
1.0614896
1.0614516
1.0614135
1.0613759
1.0613382
1.0613008
1.0612634
1.0612261
1.0611894
1.0611523
1.0611156
1.0610791
1.0610428
1.0610064
1.0609703
1.0609342
1.0608985
1.0608628
1.0608271
1.0607916
1.0607564
1.0607213
1.0606862
1.0606512
1.0606165
1.0605817
1.0605471
1.0605128
1.0604784
1.0604444
1.0604103
1.0603762
1.0603423
1.0603087
1.060275
1.0602415
1.0602081
1.0601747
1.0601413
1.0601082
1.0600754
1.0600423
1.0600095
1.0599767
1.0599442
1.0599115
1.0598791
1.0598465
1.0598142
1.059782
1.05975
1.0597179
1.0596858
1.0596539
1.0596222
1.0595902
1.0595586
1.0595269
1.0594954
1.059464
1.0594323
1.0594009
1.0593697
1.0593385
1.0593071
1.0592761
1.059245
1.0592138
1.0591829
1.0591519
1.0591209
1.05909
1.0590593
1.0590284
1.0589976
1.0589669
1.0589362
1.0589055
1.0588748
1.0588443
1.0588137
1.058783
1.0587525
1.058722
1.0586915
1.0586611
1.0586307
1.0586001
1.0585696
1.0585392
1.0585088
1.0584784
1.0584478
1.0584176
1.058387
1.0583565
1.0583262
1.0582957
1.0582651
1.0582348
1.0582042
1.0581737
1.0581431
1.0581126
1.0580821
1.0580515
1.0580208
1.0579901
1.0579596
1.0579287
1.0578979
1.0578672
1.0578363
1.0578055
1.0577745
1.0577434
1.0577123
1.0576813
1.0576502
1.0576189
1.0575877
1.0575564
1.0575249
1.0574934
1.057462
1.0574304
1.0573987
1.0573668
1.0573349
1.0573031
1.057271
1.057239
1.0572066
1.0571743
1.057142
1.0571095
1.0570768
1.057044
1.0570112
1.0569783
1.0569452
1.056912
1.0568788
1.0568453
1.0568116
1.0567781
1.0567442
1.0567102
1.0566761
1.0566418
1.0566075
1.0565729
1.0565381
1.0565033
1.0564682
1.056433
1.0563977
1.0563622
1.0563264
1.0562904
1.0562544
1.056218
1.0561816
1.0561448
1.056108
1.056071
1.0560335
1.055996
1.0559584
1.0559204
1.0558822
1.0558437
1.055805
1.0557661
1.055727
1.0556877
1.055648
1.0556079
1.0555679
1.0555273
1.0554866
1.0554454
1.0554042
1.0553626
1.0553207
1.0552785
1.055236
1.0551932
1.0551502
1.0551066
1.0550628
1.0550187
1.0549742
1.0549293
1.0548842
1.0548387
1.0547928
1.0547464
1.0546998
1.0546527
1.0546052
1.0545573
1.054509
1.0544603
1.0544113
1.0543616
1.0543118
1.0542613
1.0542104
1.054159
1.0541072
1.0540549
1.054002
1.0539488
1.053895
1.0538406
1.0537858
1.0537305
1.0536747
1.0536182
1.0535612
1.0535036
1.0534453
1.0533867
1.0533272
1.0532674
1.0532068
1.0531455
1.0530838
1.0530212
1.0529583
1.0528944
1.0528297
1.0527647
1.0526987
1.0526321
1.0525649
1.0524967
1.0524278
1.0523582
1.0522877
1.0522164
1.0521445
1.0520717
1.0519981
1.0519234
1.051848
1.0517718
1.0516946
1.0516165
1.0515375
1.0514578
1.0513767
1.051295
1.0512121
1.0511281
1.0510434
1.0509574
1.0508704
1.0507826
1.0506933
1.0506032
1.0505117
1.0504192
1.0503256
1.0502307
1.0501347
1.0500374
1.0499389
1.0498391
1.049738
1.0496356
1.049532
1.0494268
1.0493203
1.0492126
1.0491034
1.0489928
1.0488805
1.0487669
1.0486518
1.0485351
1.0484169
1.048297
1.0481755
1.0480524
1.0479276
1.0478011
1.047673
1.0475432
1.0474114
1.0472779
1.0471424
1.0470053
1.046866
1.046725
1.046582
1.046437
1.0462899
1.0461407
1.0459895
1.0458362
1.0456808
1.0455232
1.0453631
1.0452011
1.0450366
1.0448697
1.0447005
1.0445288
1.0443549
1.0441782
1.0439992
1.0438176
1.0436332
1.0434463
1.0432568
1.0430644
1.0428692
1.0426712
1.0424705
1.0422668
1.0420599
1.0418503
1.0416374
1.0414217
1.0412025
1.0409805
1.0407549
1.0405262
1.040294
1.0400584
1.0398195
1.039577
1.039331
1.0390813
1.0388279
1.0385708
1.0383099
1.0380452
1.0377766
1.037504
1.0372273
1.0369468
1.036662
1.0363729
1.0360794
1.0357819
1.0354798
1.0351734
1.0348623
1.0345465
1.0342262
1.0339012
1.0335714
1.0332366
1.032897
1.0325522
1.0322022
1.0318474
1.0314871
1.0311215
1.0307505
1.030374
1.029992
1.0296044
1.0292109
1.0288118
1.0284066
1.0279956
1.0275785
1.0271552
1.0267258
1.0262899
1.0258477
1.0253989
1.0249437
1.0244817
1.0240128
1.0235372
1.0230546
1.0225649
1.0220683
1.0215642
1.0210527
1.0205339
1.0200076
1.0194736
1.0189317
1.0183823
1.0178248
1.017259
1.0166854
1.0161034
1.015513
1.0149143
1.0143068
1.0136908
1.0130659
1.0124322
1.0117896
1.0111378
1.0104768
1.0098065
1.0091269
1.0084378
1.0077388
1.0070304
1.0063119
1.0055836
1.0048453
1.0040967
1.0033381
1.002569
1.0017897
1.0009995
1.000199
0.9993876
0.99856544
0.9977324
0.99688834
0.99603343
0.9951671
0.99428946
0.99340075
0.9925006
0.991589
0.9906659
0.9897312
0.98878485
0.98782676
0.986857
0.98587537
0.98488206
0.9838768
0.98285973
0.9818306
0.9807896
0.9797367
0.9786718
0.977595
0.97650605
0.9754054
0.97429264
0.973168
0.9720318
0.9708835
0.9697236
0.9685519
0.96736854
0.96617365
0.96496725
0.96374965
0.9625206
0.96128047
0.9600291
0.9587671
0.95749414
0.9562106
0.95491654
0.9536123
0.9522978
0.9509734
0.94963926
0.9482956
0.9469425
0.9455803
0.94420934
0.9428296
0.9414415
0.9400454
0.9386413
0.93722963
0.9358107
0.9343846
0.9329519
0.9315127
0.93006736
0.9286163
0.92715967
0.9256979
0.9242314
0.92276037
0.92128515
0.91980606
0.9183235
0.9168379
0.9153496
0.9138589
0.91236603
0.9108715
0.90937567
0.9078789
0.9063814
0.90488374
0.90338624
0.90188897
0.9003926
0.8988975
0.8974037
0.8959118
0.8944221
0.8929349
0.89145046
0.8899692
0.88849145
0.8870175
0.88554764
0.8840822
0.8826214
0.8811656
0.8797151
0.87827003
0.8768308
0.87539756
0.8739708
0.8725505
0.8711369
0.8697305
0.86833113
0.8669393
0.8655551
0.86417866
0.86281025
0.86145014
0.86009824
0.85875493
0.8574202
0.85609436
0.8547776
0.8534696
0.85217106
0.85088164
0.8496016
0.8483312
0.84707034
0.84581906
0.84457755
0.8433459
0.8421241
0.8409121
0.83971024
0.83851826
0.8373362
0.83616436
0.83500254
0.83385086
0.8327093
0.8315776
0.83045614
0.82934487
0.8282436
0.8271525
0.8260713
0.8250002
0.82393914
0.822888
0.8218467
0.82081544
0.81979394
0.8187823
0.8177805
0.8167882
0.8158056
0.8148327
0.81386924
0.8129153
0.8119707
0.8110356
0.81010956
0.80919284
0.80828524
0.80738676
0.8064971
0.80561656
0.8047447
0.8038817
0.8030274
0.8021816
0.8013443
0.80051553
0.799695
0.79888296
0.798079
0.7972831
0.7964953
0.79571545
0.7949434
0.7941792
0.7934226
0.7926737
0.7919323
0.7911984
0.7904717
0.78975236
0.7890402
0.7883352
0.78763723
0.78694624
0.78626204
0.7855847
0.7849139
0.7842499
0.78359234
0.7829412
0.78229666
0.7816583
0.7810261
0.78040016
0.77978027
0.77916634
0.7785584
0.77795625
0.7773599
0.7767692
0.7761842
0.7756047
0.77503085
0.7744622
0.773899
0.7733412
0.7727884
0.7722408
0.7716984
0.77116084
0.77062833
0.77010065
0.76957774
0.7690598
0.76854634
0.76803744
0.7675333
0.7670336
0.7665383
0.7660474
0.765561
0.7650786
0.7646005
0.76412666
0.76365685
0.7631911
0.7627293
0.76227146
0.76181746
0.76136744
0.7609211
0.7604784
0.76003945
0.7596042
0.75917244
0.7587441
0.75831944
0.7578981
0.75748026
0.75706565
0.75665426
0.7562463
0.7558414
0.7554397
0.7550411
0.7546456
0.75425315
0.7538637
0.7534771
0.7530934
0.7527126
0.7523346
0.75195944
0.7515869
0.7512171
0.75085
0.75048566
0.7501236
0.7497642
0.7494074
0.749053
0.7487011
0.7483516
0.7480043
0.74765956
0.74731696
0.74697673
0.74663866
0.7463027
0.74596906
0.7456374
0.7453079
0.7449805
0.744655
0.74433166
0.7440102
0.74369067
0.7433731
0.74305737
0.7427435
0.74243134
0.7421211
0.74181247
0.74150574
0.74120057
0.74089706
0.7405952
0.74029493
0.7399963
0.7396991
0.7394036
0.7391095
0.73881686
0.7385257
0.7382359
0.7379475
0.7376605
0.7373748
0.73709035
0.7368072
0.7365254
0.7362447
0.73596525
0.7356869
0.73540986
0.7351339
0.7348589
0.73458505
0.7343123
0.7340405
0.73376966
0.73349977
0.73323095
0.73296285
0.7326958
0.7324296
0.7321642
0.7318996
0.7316359
0.7313729
0.73111063
0.730849
0.7305882
0.73032796
0.7300683
0.7298094
0.729551
0.7292932
0.72903585
0.72877914
0.72852284
0.728267
0.7280116
0.72775656
0.727502
0.7272478
0.72699374
0.7267402
0.7264868
0.7262336
0.72598076
0.72572803
0.72547555
0.72522306
0.7249709
0.7247187
0.7244665
0.7242143
0.72396225
0.72371006
0.7234578
0.7232055
0.7229531
0.72270054
0.72244775
0.7221948
0.72194165
0.72168815
0.72143435
0.7211802
0.72092575
0.72067094
0.7204156
0.72015977
0.71990347
0.7196467
0.7193893
0.7191313
0.71887267
0.7186134
0.71835333
0.71809256
0.717831
0.7175687
0.7173054
0.71704125
0.7167761
0.71651006
0.7162429
0.7159747
0.71570545
0.715435
0.71516335
0.7148905
0.71461636
0.7143408
0.714064
0.71378565
0.7135058
0.71322453
0.71294165
0.7126571
0.712371
0.712083
0.7117933
0.7115017
0.7112082
0.71091294
0.7106154
0.71031594
0.7100142
0.7097105
0.70940435
0.709096
0.7087853
0.708472
0.7081563
0.70783794
0.70751697
0.70719326
0.70686674
0.7065374
0.70620507
0.70586973
0.70553136
0.7051897
0.70484483
0.7044966
0.70414495
0.7037898
0.70343107
0.70306873
0.7027024
0.7023325
0.7019584
0.7015803
0.70119816
0.7008116
0.70042086
0.70002556
0.69962573
0.69922125
0.698812
0.69839793
0.69797885
0.6975547
0.69712526
0.69669056
0.69625044
0.6958047
0.69535327
0.6948961
0.69443303
0.69396377
0.6934885
0.6930068
0.6925186
0.692024
0.6915226
0.6910143
0.69049907
0.68997663
0.68944705
0.68891
0.6883654
0.6878131
0.687253
0.68668485
0.68610847
0.68552387
0.68493074
0.68432915
0.68371874
0.6830993
0.6824709
0.68183315
0.6811861
0.6805294
0.679863
0.6791866
0.67850024
0.6778035
0.67709637
0.67637885
0.67565036
0.674911
0.6741605
0.6733987
0.6726254
0.6718404
0.67104363
0.6702348
0.6694137
0.6685802
0.66773397
0.66687506
0.666003
0.66511774
0.6642189
0.6633065
0.66238016
0.6614398
0.6604849
0.6595154
0.6585311
0.65753174
0.656517
0.6554867
0.65444046
0.6533781
0.6522993
0.65120375
0.6500912
0.6489612
0.6478136
0.646648
0.64546406
0.6442615
0.6430398
0.6417988
0.64053804
0.6392571
0.63795567
0.63663316
0.6352895
0.6339239
0.63253605
0.6311257
0.62969214
0.62823486
0.6267537
0.625248
0.6237173
0.62216103
0.62057877
0.61897
0.6173342
0.6156708
0.61397934
0.61225927
0.61051
0.6087311
0.6069219
0.60508204
0.60321075
0.6013077
0.5993722
0.59740394
0.5954022
0.5933664
0.5912962
0.58919114
0.5870505
0.584874
0.58266103
0.5804113
0.5781243
0.5757995
0.57343674
0.57103556
0.5685955
0.56611633
0.5635978
0.5610395
0.5584412
0.5558029
0.5531244
0.55040526
0.5476457
0.54484546
0.5420045
0.5391231
0.536201
0.5332385
0.5302356
0.52719253
0.5241096
0.5209869
0.517825
0.5146241
0.5113846
0.508107
0.50479174
0.50143933
0.49805057
0.494626
0.49116617
0.4876719
0.48414412
0.4805835
0.47699082
0.47336724
0.46971354
0.46603084
0.46232003
0.4585823
0.45481873
0.45103055
0.44721878
0.4433849
0.43953001
0.43565544
0.43176258
0.42785275
0.42392734
0.41998774
0.41603547
0.4120719
0.4080987
0.40411723
0.4001289
0.39613545
0.3921383
0.38813916
0.38413948
0.38014078
0.37614447
0.3721525
0.3681661
0.3641868
0.36021626
0.35625598
0.35230738
0.34837195
0.34445107
0.3405462
0.33665875
0.33279005
0.32894135
0.32511413
0.3213095
0.31752852
0.31377265
0.3100428
0.30634
0.3026654
0.29902
0.29540467
0.2918202
0.28826755
0.28474748
0.28126073
0.2778079
0.27438968
0.27100673
0.26765934
0.26434827
0.26107377
0.25783643
0.25463635
0.251474
0.24834964
0.24526326
0.2422154
0.23920594
0.23623489
0.23330265
0.23040894
0.22755377
0.22473729
0.22195914
0.21921949
0.21651801
0.21385466
0.21122913
0.20864135
0.20609102
0.20357782
0.20110163
0.1986619
0.19625868
0.19389126
0.1915595
0.18926309
0.18700159
0.18477458
0.18258186
0.18042277
0.17829707
0.17620435
0.17414422
0.1721161
0.17011973
0.16815458
0.16622028
0.16431637
0.16244236
0.16059798
0.1587826
0.15699583
0.15523732
0.1535066
0.15180312
0.1501266
0.14847654
0.14685252
0.14525414
0.14368095
0.14213254
0.14060847
0.13910836
0.13763183
0.1361785
0.13474777
0.13333958
0.13195327
0.13058865
0.12924515
0.12792249
0.12662038
0.12533842
0.12407614
0.12283328
0.12160948
0.12040442
0.119217716
0.11804914
0.11689827
0.11576483
0.11464852
0.113548994
0.11246597
0.11139908
0.11034813
0.10931279
0.1082928
0.10728798
0.10629782
0.1053222
0.10436086
0.103413574
0.102479994
0.101559915
0.100653134
0.09975937
0.09887838
0.09800995
0.097153895
0.096309975
0.09547793
0.09465753
0.09384867
0.093051076
0.09226452
0.09148888
0.09072392
0.08996947
0.0892254
0.088491395
0.08776731
