1.08621
1.08112
1.07808
1.07626
1.07516
1.07448
1.07404
1.07374
1.07352
1.07335
1.07321
1.07308
1.07297
1.07286
1.07276
1.07266
1.07256
1.07246
1.07236
1.07226
1.07217
1.07207
1.07198
1.07188
1.07179
1.07169
1.0716
1.07151
1.07142
1.07133
1.07124
1.07115
1.07106
1.07097
1.07088
1.07079
1.0707
1.07061
1.07053
1.07044
1.07036
1.07027
1.07018
1.0701
1.07002
1.06993
1.06985
1.06977
1.06969
1.0696
1.06952
1.06944
1.06936
1.06928
1.0692
1.06912
1.06905
1.06897
1.06889
1.06881
1.06874
1.06866
1.06858
1.06851
1.06843
1.06836
1.06828
1.06821
1.06814
1.06806
1.06799
1.06792
1.06785
1.06778
1.0677
1.06763
1.06756
1.06749
1.06742
1.06736
1.06729
1.06722
1.06715
1.06708
1.06702
1.06695
1.06688
1.06682
1.06675
1.06669
1.06662
1.06656
1.06649
1.06643
1.06637
1.0663
1.06624
1.06618
1.06611
1.06605
1.06599
1.06593
1.06587
1.06581
1.06575
1.06569
1.06563
1.06557
1.06551
1.06545
1.0654
1.06534
1.06528
1.06522
1.06517
1.06511
1.06505
1.065
1.06494
1.06489
1.06483
1.06478
1.06472
1.06467
1.06461
1.06456
1.06451
1.06445
1.0644
1.06435
1.0643
1.06424
1.06419
1.06414
1.06409
1.06404
1.06399
1.06394
1.06389
1.06384
1.06379
1.06374
1.06369
1.06364
1.06359
1.06354
1.0635
1.06345
1.0634
1.06335
1.06331
1.06326
1.06321
1.06317
1.06312
1.06308
1.06303
1.06298
1.06294
1.06289
1.06285
1.06281
1.06276
1.06272
1.06267
1.06263
1.06259
1.06254
1.0625
1.06246
1.06242
1.06237
1.06233
1.06229
1.06225
1.06221
1.06216
1.06212
1.06208
1.06204
1.062
1.06196
1.06192
1.06188
1.06184
1.0618
1.06176
1.06172
1.06168
1.06164
1.0616
1.06157
1.06153
1.06149
1.06145
1.06141
1.06138
1.06134
1.0613
1.06126
1.06123
1.06119
1.06115
1.06112
1.06108
1.06104
1.06101
1.06097
1.06093
1.0609
1.06086
1.06083
1.06079
1.06076
1.06072
1.06069
1.06065
1.06062
1.06058
1.06055
1.06051
1.06048
1.06044
1.06041
1.06038
1.06034
1.06031
1.06027
1.06024
1.06021
1.06017
1.06014
1.06011
1.06008
1.06004
1.06001
1.05998
1.05994
1.05991
1.05988
1.05985
1.05981
1.05978
1.05975
1.05972
1.05969
1.05965
1.05962
1.05959
1.05956
1.05953
1.0595
1.05946
1.05943
1.0594
1.05937
1.05934
1.05931
1.05928
1.05924
1.05921
1.05918
1.05915
1.05912
1.05909
1.05906
1.05903
1.059
1.05897
1.05894
1.05891
1.05887
1.05884
1.05881
1.05878
1.05875
1.05872
1.05869
1.05866
1.05863
1.0586
1.05857
1.05854
1.05851
1.05848
1.05845
1.05842
1.05839
1.05836
1.05833
1.0583
1.05827
1.05823
1.0582
1.05817
1.05814
1.05811
1.05808
1.05805
1.05802
1.05799
1.05796
1.05793
1.0579
1.05787
1.05784
1.05781
1.05777
1.05774
1.05771
1.05768
1.05765
1.05762
1.05759
1.05756
1.05752
1.05749
1.05746
1.05743
1.0574
1.05737
1.05733
1.0573
1.05727
1.05724
1.05721
1.05717
1.05714
1.05711
1.05708
1.05704
1.05701
1.05698
1.05695
1.05691
1.05688
1.05685
1.05681
1.05678
1.05674
1.05671
1.05668
1.05664
1.05661
1.05657
1.05654
1.0565
1.05647
1.05643
1.0564
1.05636
1.05633
1.05629
1.05625
1.05622
1.05618
1.05614
1.05611
1.05607
1.05603
1.056
1.05596
1.05592
1.05588
1.05584
1.0558
1.05577
1.05573
1.05569
1.05565
1.05561
1.05557
1.05553
1.05549
1.05545
1.0554
1.05536
1.05532
1.05528
1.05524
1.05519
1.05515
1.05511
1.05506
1.05502
1.05497
1.05493
1.05488
1.05484
1.05479
1.05475
1.0547
1.05465
1.05461
1.05456
1.05451
1.05446
1.05441
1.05436
1.05431
1.05426
1.05421
1.05416
1.05411
1.05405
1.054
1.05395
1.05389
1.05384
1.05379
1.05373
1.05367
1.05362
1.05356
1.0535
1.05345
1.05339
1.05333
1.05327
1.05321
1.05315
1.05308
1.05302
1.05296
1.05289
1.05283
1.05276
1.0527
1.05263
1.05256
1.0525
1.05243
1.05236
1.05229
1.05222
1.05214
1.05207
1.052
1.05192
1.05185
1.05177
1.05169
1.05162
1.05154
1.05146
1.05138
1.05129
1.05121
1.05113
1.05104
1.05096
1.05087
1.05078
1.05069
1.0506
1.05051
1.05042
1.05033
1.05023
1.05013
1.05004
1.04994
1.04984
1.04974
1.04964
1.04953
1.04943
1.04932
1.04921
1.0491
1.04899
1.04888
1.04877
1.04865
1.04854
1.04842
1.0483
1.04818
1.04805
1.04793
1.0478
1.04767
1.04754
1.04741
1.04728
1.04714
1.04701
1.04687
1.04673
1.04658
1.04644
1.04629
1.04614
1.04599
1.04584
1.04568
1.04552
1.04536
1.0452
1.04504
1.04487
1.0447
1.04453
1.04435
1.04418
1.044
1.04382
1.04363
1.04345
1.04326
1.04306
1.04287
1.04267
1.04247
1.04227
1.04206
1.04185
1.04164
1.04142
1.0412
1.04098
1.04075
1.04053
1.04029
1.04006
1.03982
1.03958
1.03933
1.03908
1.03883
1.03857
1.03831
1.03805
1.03778
1.0375
1.03723
1.03695
1.03666
1.03637
1.03608
1.03578
1.03548
1.03517
1.03486
1.03455
1.03423
1.0339
1.03357
1.03324
1.0329
1.03255
1.0322
1.03185
1.03149
1.03112
1.03075
1.03037
1.02999
1.0296
1.02921
1.02881
1.02841
1.028
1.02758
1.02716
1.02673
1.02629
1.02585
1.0254
1.02494
1.02448
1.02401
1.02354
1.02305
1.02257
1.02207
1.02156
1.02105
1.02053
1.02001
1.01947
1.01893
1.01838
1.01782
1.01726
1.01669
1.0161
1.01551
1.01491
1.01431
1.01369
1.01307
1.01243
1.01179
1.01114
1.01048
1.00981
1.00913
1.00844
1.00774
1.00703
1.00631
1.00558
1.00485
1.0041
1.00334
1.00257
1.00179
1.001
1.0002
0.999388
0.998565
0.997732
0.996888
0.996033
0.995167
0.99429
0.993401
0.992501
0.991589
0.990666
0.989731
0.988785
0.987827
0.986857
0.985875
0.984882
0.983877
0.98286
0.98183
0.98079
0.979737
0.978672
0.977595
0.976506
0.975405
0.974293
0.973168
0.972032
0.970883
0.969723
0.968552
0.967368
0.966174
0.964967
0.96375
0.96252
0.96128
0.960029
0.958767
0.957494
0.956211
0.954916
0.953612
0.952298
0.950973
0.949639
0.948295
0.946942
0.94558
0.944209
0.942829
0.941441
0.940045
0.938641
0.93723
0.93581
0.934384
0.932952
0.931513
0.930067
0.928616
0.92716
0.925698
0.924231
0.92276
0.921285
0.919806
0.918323
0.916838
0.915349
0.913859
0.912366
0.910871
0.909376
0.907879
0.906381
0.904884
0.903386
0.901889
0.900393
0.898897
0.897403
0.895912
0.894422
0.892935
0.89145
0.889969
0.888491
0.887017
0.885548
0.884082
0.882621
0.881166
0.879715
0.87827
0.876831
0.875398
0.873971
0.87255
0.871137
0.86973
0.868331
0.866939
0.865555
0.864179
0.86281
0.86145
0.860098
0.858755
0.85742
0.856094
0.854777
0.853469
0.852171
0.850881
0.849602
0.848331
0.84707
0.845819
0.844577
0.843346
0.842124
0.840912
0.83971
0.838518
0.837336
0.836164
0.835002
0.833851
0.832709
0.831578
0.830456
0.829345
0.828243
0.827152
0.826071
0.825
0.823939
0.822888
0.821847
0.820815
0.819794
0.818782
0.81778
0.816788
0.815806
0.814832
0.813869
0.812915
0.811971
0.811035
0.810109
0.809193
0.808285
0.807387
0.806497
0.805616
0.804745
0.803882
0.803027
0.802181
0.801344
0.800516
0.799695
0.798883
0.798079
0.797283
0.796495
0.795715
0.794943
0.794179
0.793422
0.792674
0.791932
0.791198
0.790472
0.789752
0.78904
0.788335
0.787637
0.786946
0.786262
0.785585
0.784914
0.78425
0.783592
0.782941
0.782297
0.781658
0.781026
0.7804
0.77978
0.779166
0.778558
0.777956
0.77736
0.776769
0.776184
0.775605
0.775031
0.774462
0.773899
0.773341
0.772788
0.772241
0.771698
0.771161
0.770628
0.770101
0.769578
0.76906
0.768546
0.768037
0.767533
0.767034
0.766538
0.766047
0.765561
0.765079
0.764601
0.764127
0.763657
0.763191
0.762729
0.762271
0.761817
0.761367
0.760921
0.760478
0.760039
0.759604
0.759172
0.758744
0.758319
0.757898
0.75748
0.757066
0.756654
0.756246
0.755841
0.75544
0.755041
0.754646
0.754253
0.753864
0.753477
0.753093
0.752712
0.752335
0.751959
0.751587
0.751217
0.75085
0.750485
0.750124
0.749764
0.749407
0.749053
0.748701
0.748351
0.748004
0.74766
0.747317
0.746977
0.746639
0.746303
0.745969
0.745637
0.745308
0.74498
0.744655
0.744332
0.74401
0.743691
0.743373
0.743057
0.742743
0.742431
0.742121
0.741812
0.741506
0.741201
0.740897
0.740595
0.740295
0.739996
0.739699
0.739403
0.739109
0.738817
0.738526
0.738236
0.737947
0.73766
0.737375
0.73709
0.736807
0.736525
0.736245
0.735965
0.735687
0.73541
0.735134
0.734859
0.734585
0.734312
0.73404
0.73377
0.7335
0.733231
0.732963
0.732696
0.73243
0.732164
0.7319
0.731636
0.731373
0.73111
0.730849
0.730588
0.730328
0.730068
0.729809
0.729551
0.729293
0.729036
0.728779
0.728523
0.728267
0.728012
0.727757
0.727502
0.727248
0.726994
0.72674
0.726487
0.726234
0.725981
0.725728
0.725475
0.725223
0.724971
0.724719
0.724466
0.724214
0.723962
0.72371
0.723458
0.723205
0.722953
0.7227
0.722448
0.722195
0.721941
0.721688
0.721434
0.72118
0.720926
0.720671
0.720415
0.72016
0.719903
0.719646
0.719389
0.719131
0.718873
0.718613
0.718353
0.718092
0.717831
0.717569
0.717305
0.717041
0.716776
0.71651
0.716243
0.715975
0.715705
0.715435
0.715163
0.71489
0.714616
0.714341
0.714064
0.713785
0.713506
0.713224
0.712941
0.712657
0.712371
0.712083
0.711793
0.711502
0.711208
0.710913
0.710615
0.710316
0.710014
0.70971
0.709404
0.709096
0.708785
0.708472
0.708156
0.707838
0.707517
0.707193
0.706867
0.706537
0.706205
0.705869
0.705531
0.705189
0.704845
0.704496
0.704145
0.703789
0.703431
0.703068
0.702702
0.702332
0.701958
0.70158
0.701198
0.700811
0.70042
0.700025
0.699625
0.699221
0.698812
0.698398
0.697978
0.697554
0.697125
0.69669
0.69625
0.695804
0.695353
0.694896
0.694433
0.693963
0.693488
0.693006
0.692518
0.692023
0.691522
0.691014
0.690499
0.689976
0.689447
0.688909
0.688365
0.687813
0.687252
0.686684
0.686108
0.685523
0.68493
0.684329
0.683718
0.683099
0.68247
0.681833
0.681185
0.680529
0.679862
0.679186
0.678499
0.677803
0.677096
0.676378
0.67565
0.67491
0.67416
0.673398
0.672625
0.67184
0.671043
0.670234
0.669413
0.668579
0.667733
0.666874
0.666002
0.665117
0.664218
0.663306
0.662379
0.661439
0.660484
0.659514
0.65853
0.657531
0.656516
0.655486
0.654439
0.653377
0.652298
0.651203
0.65009
0.64896
0.647812
0.646647
0.645463
0.64426
0.643039
0.641797
0.640537
0.639256
0.637954
0.636632
0.635288
0.633922
0.632535
0.631124
0.629691
0.628233
0.626752
0.625247
0.623716
0.622159
0.620577
0.618968
0.617332
0.615669
0.613978
0.612257
0.610508
0.608729
0.60692
0.60508
0.603209
0.601306
0.59937
0.597402
0.5954
0.593364
0.591294
0.589189
0.587048
0.584872
0.582659
0.580409
0.578122
0.575797
0.573434
0.571033
0.568593
0.566114
0.563595
0.561037
0.558439
0.5558
0.553122
0.550402
0.547643
0.544842
0.542002
0.53912
0.536198
0.533235
0.530232
0.527189
0.524106
0.520984
0.517822
0.514621
0.511381
0.508103
0.504788
0.501436
0.498047
0.494622
0.491163
0.487668
0.48414
0.48058
0.476987
0.473363
0.46971
0.466027
0.462316
0.458578
0.454815
0.451027
0.447215
0.443381
0.439526
0.435651
0.431759
0.427849
0.423923
0.419984
0.416031
0.412068
0.408095
0.404113
0.400125
0.396131
0.392134
0.388135
0.384135
0.380137
0.37614
0.372148
0.368162
0.364183
0.360212
0.356252
0.352303
0.348368
0.344447
0.340542
0.336655
0.332786
0.328938
0.32511
0.321306
0.317525
0.313769
0.310039
0.306336
0.302662
0.299016
0.295401
0.291817
0.288264
0.284744
0.281257
0.277805
0.274386
0.271003
0.267656
0.264345
0.261071
0.257833
0.254633
0.251471
0.248347
0.24526
0.242213
0.239203
0.236232
0.2333
0.230406
0.227551
0.224734
0.221957
0.219217
0.216515
0.213852
0.211227
0.208639
0.206089
0.203575
0.201099
0.19866
0.196256
0.193889
0.191557
0.189261
0.186999
0.184773
0.18258
0.180421
0.178295
0.176202
0.174142
0.172114
0.170118
0.168153
0.166218
0.164315
0.162441
0.160596
0.158781
0.156994
0.155236
0.153505
0.151801
0.150125
0.148475
0.146851
0.145253
0.143679
0.142131
0.140607
0.139107
0.137631
0.136177
0.134747
0.133338
0.131952
0.130587
0.129244
0.127921
0.126619
0.125337
0.124075
0.122832
0.121608
0.120403
0.119217
0.118048
0.116897
0.115764
0.114647
0.113548
0.112465
0.111398
0.110347
0.109312
0.108292
0.107287
0.106297
0.105321
0.10436
0.103413
0.102479
0.101559
0.100652
0.0997585
0.0988775
0.0980091
0.0971531
0.0963091
0.095477
0.0946567
0.0938478
0.0930502
0.0922637
0.0914881
0.0907232
0.0899687
0.0892246
0.0884906
0.0877666
0.0870523
0.0863477
0.0856525
0.0849667
0.0842899
0.0836221
0.0829631
0.0823128
0.0816709
0.0810375
0.0804122
0.0797951
0.0791859
0.0785845
0.0779909
0.0774047
0.076826
0.0762546
0.0756903
0.0751332
0.0745829
0.0740395
0.0735028
0.0729728
0.0724492
0.071932
0.0714211
0.0709164
0.0704178
0.0699252
0.0694384
0.0689575
0.0684823
0.0680126
0.0675485
0.0670899
0.0666366
0.0661886
0.0657457
0.065308
0.0648752
0.0644474
0.0640245
0.0636064
0.0631931
0.0627843
0.0623802
0.0619805
0.0615853
0.0611945
0.060808
0.0604257
0.0600476
0.0596736
0.0593037
0.0589377
0.0585758
0.0582177
0.0578634
0.0575129
0.0571661
0.0568229
0.0564834
0.0561474
0.0558149
0.0554859
0.0551603
0.054838
0.0545191
0.0542034
0.0538909
0.0535816
0.0532754
0.0529723
0.0526723
0.0523752
0.0520811
0.0517899
0.0515016
0.0512161
0.0509335
0.0506536
0.0503764
0.0501019
0.04983
0.0495608
0.0492941
0.04903
0.0487684
0.0485092
0.0482526
0.0479983
0.0477464
0.0474969
0.0472497
0.0470048
0.0467621
0.0465217
0.0462835
0.0460474
0.0458135
0.0455818
0.0453521
0.0451245
0.0448989
0.0446754
0.0444538
0.0442342
0.0440166
0.0438008
0.043587
0.043375
0.0431649
0.0429566
0.0427501
0.0425454
0.0423425
0.0421413
0.0419418
0.041744
0.0415479
0.0413534
0.0411606
0.0409694
0.0407798
0.0405917
0.0404053
0.0402204
0.0400369
0.0398551
